#------------------------------------------------------------------------------
#                                                                             -
#                   Internl Gemetry Cnfigurtin                           -
#                                                                             -
# - Crdinte system: Rigt-nded Crtesin system. X-Y plne is te screen -
#   plne; X is rizntl frm west t est; Y is verticl frm sut t     -
#   nrt; Z xis is perpendiculr t screen nd pints frm frnt t bck.   -
# - All crdinte vlues nd velcity vlues ere re reltive vlues, tey  -
#   suld be nrmlized by te reference lengt nd velcity respectively.   -
# - In ec 'begin end' envirnment, tere suld NOT be ny empty r cmment -
#   lines. Plese duble ceck yur input!                                    -
#                                                                             -
#------------------------------------------------------------------------------
#------------------------------------------------------------------------------
#
#                   >> Ttl Number f Objects <<
#
#------------------------------------------------------------------------------
spere cunt begin
1104            # ttl number f bjects (integer)
spere cunt end
#------------------------------------------------------------------------------
#
#                    >> Gemetry Infrmtin <<
#
#------------------------------------------------------------------------------
spere begin
  0.196962,  0.034730, -0.200000,  0.017431,  1.000000,  0.000000,  0.000000,  0.000000
  0.187939,  0.068404, -0.200000,  0.017431,  1.000000,  0.000000,  0.000000,  0.000000
  0.173205,  0.100000, -0.200000,  0.017431,  1.000000,  0.000000,  0.000000,  0.000000
  0.153209,  0.128558, -0.200000,  0.017431,  1.000000,  0.000000,  0.000000,  0.000000
  0.128558,  0.153209, -0.200000,  0.017431,  1.000000,  0.000000,  0.000000,  0.000000
  0.100000,  0.173205, -0.200000,  0.017431,  1.000000,  0.000000,  0.000000,  0.000000
  0.068404,  0.187939, -0.200000,  0.017431,  1.000000,  0.000000,  0.000000,  0.000000
  0.034730,  0.196962, -0.200000,  0.017431,  1.000000,  0.000000,  0.000000,  0.000000
  0.000000,  0.200000, -0.200000,  0.017431,  1.000000,  0.000000,  0.000000,  0.000000
 -0.034730,  0.196962, -0.200000,  0.017431,  1.000000,  0.000000,  0.000000,  0.000000
 -0.068404,  0.187939, -0.200000,  0.017431,  1.000000,  0.000000,  0.000000,  0.000000
 -0.100000,  0.173205, -0.200000,  0.017431,  1.000000,  0.000000,  0.000000,  0.000000
 -0.128558,  0.153209, -0.200000,  0.017431,  1.000000,  0.000000,  0.000000,  0.000000
 -0.153209,  0.128558, -0.200000,  0.017431,  1.000000,  0.000000,  0.000000,  0.000000
 -0.173205,  0.100000, -0.200000,  0.017431,  1.000000,  0.000000,  0.000000,  0.000000
 -0.187939,  0.068404, -0.200000,  0.017431,  1.000000,  0.000000,  0.000000,  0.000000
 -0.196962,  0.034730, -0.200000,  0.017431,  1.000000,  0.000000,  0.000000,  0.000000
 -0.200000,  0.000000, -0.200000,  0.017431,  1.000000,  0.000000,  0.000000,  0.000000
 -0.196962, -0.034730, -0.200000,  0.017431,  1.000000,  0.000000,  0.000000,  0.000000
 -0.187939, -0.068404, -0.200000,  0.017431,  1.000000,  0.000000,  0.000000,  0.000000
 -0.173205, -0.100000, -0.200000,  0.017431,  1.000000,  0.000000,  0.000000,  0.000000
 -0.153209, -0.128558, -0.200000,  0.017431,  1.000000,  0.000000,  0.000000,  0.000000
 -0.128558, -0.153209, -0.200000,  0.017431,  1.000000,  0.000000,  0.000000,  0.000000
 -0.100000, -0.173205, -0.200000,  0.017431,  1.000000,  0.000000,  0.000000,  0.000000
 -0.068404, -0.187939, -0.200000,  0.017431,  1.000000,  0.000000,  0.000000,  0.000000
 -0.034730, -0.196962, -0.200000,  0.017431,  1.000000,  0.000000,  0.000000,  0.000000
  0.000000, -0.200000, -0.200000,  0.017431,  1.000000,  0.000000,  0.000000,  0.000000
  0.034730, -0.196962, -0.200000,  0.017431,  1.000000,  0.000000,  0.000000,  0.000000
  0.068404, -0.187939, -0.200000,  0.017431,  1.000000,  0.000000,  0.000000,  0.000000
  0.100000, -0.173205, -0.200000,  0.017431,  1.000000,  0.000000,  0.000000,  0.000000
  0.128558, -0.153209, -0.200000,  0.017431,  1.000000,  0.000000,  0.000000,  0.000000
  0.153209, -0.128558, -0.200000,  0.017431,  1.000000,  0.000000,  0.000000,  0.000000
  0.173205, -0.100000, -0.200000,  0.017431,  1.000000,  0.000000,  0.000000,  0.000000
  0.187939, -0.068404, -0.200000,  0.017431,  1.000000,  0.000000,  0.000000,  0.000000
  0.196962, -0.034730, -0.200000,  0.017431,  1.000000,  0.000000,  0.000000,  0.000000
  0.200000,  0.000000, -0.200000,  0.017431,  1.000000,  0.000000,  0.000000,  0.000000
  0.196962,  0.034730, -0.165138,  0.017431,  1.000000,  0.000000,  0.000000,  0.000000
  0.187939,  0.068404, -0.165138,  0.017431,  1.000000,  0.000000,  0.000000,  0.000000
  0.173205,  0.100000, -0.165138,  0.017431,  1.000000,  0.000000,  0.000000,  0.000000
  0.153209,  0.128558, -0.165138,  0.017431,  1.000000,  0.000000,  0.000000,  0.000000
  0.128558,  0.153209, -0.165138,  0.017431,  1.000000,  0.000000,  0.000000,  0.000000
  0.100000,  0.173205, -0.165138,  0.017431,  1.000000,  0.000000,  0.000000,  0.000000
  0.068404,  0.187939, -0.165138,  0.017431,  1.000000,  0.000000,  0.000000,  0.000000
  0.034730,  0.196962, -0.165138,  0.017431,  1.000000,  0.000000,  0.000000,  0.000000
  0.000000,  0.200000, -0.165138,  0.017431,  1.000000,  0.000000,  0.000000,  0.000000
 -0.034730,  0.196962, -0.165138,  0.017431,  1.000000,  0.000000,  0.000000,  0.000000
 -0.068404,  0.187939, -0.165138,  0.017431,  1.000000,  0.000000,  0.000000,  0.000000
 -0.100000,  0.173205, -0.165138,  0.017431,  1.000000,  0.000000,  0.000000,  0.000000
 -0.128558,  0.153209, -0.165138,  0.017431,  1.000000,  0.000000,  0.000000,  0.000000
 -0.153209,  0.128558, -0.165138,  0.017431,  1.000000,  0.000000,  0.000000,  0.000000
 -0.173205,  0.100000, -0.165138,  0.017431,  1.000000,  0.000000,  0.000000,  0.000000
 -0.187939,  0.068404, -0.165138,  0.017431,  1.000000,  0.000000,  0.000000,  0.000000
 -0.196962,  0.034730, -0.165138,  0.017431,  1.000000,  0.000000,  0.000000,  0.000000
 -0.200000,  0.000000, -0.165138,  0.017431,  1.000000,  0.000000,  0.000000,  0.000000
 -0.196962, -0.034730, -0.165138,  0.017431,  1.000000,  0.000000,  0.000000,  0.000000
 -0.187939, -0.068404, -0.165138,  0.017431,  1.000000,  0.000000,  0.000000,  0.000000
 -0.173205, -0.100000, -0.165138,  0.017431,  1.000000,  0.000000,  0.000000,  0.000000
 -0.153209, -0.128558, -0.165138,  0.017431,  1.000000,  0.000000,  0.000000,  0.000000
 -0.128558, -0.153209, -0.165138,  0.017431,  1.000000,  0.000000,  0.000000,  0.000000
 -0.100000, -0.173205, -0.165138,  0.017431,  1.000000,  0.000000,  0.000000,  0.000000
 -0.068404, -0.187939, -0.165138,  0.017431,  1.000000,  0.000000,  0.000000,  0.000000
 -0.034730, -0.196962, -0.165138,  0.017431,  1.000000,  0.000000,  0.000000,  0.000000
  0.000000, -0.200000, -0.165138,  0.017431,  1.000000,  0.000000,  0.000000,  0.000000
  0.034730, -0.196962, -0.165138,  0.017431,  1.000000,  0.000000,  0.000000,  0.000000
  0.068404, -0.187939, -0.165138,  0.017431,  1.000000,  0.000000,  0.000000,  0.000000
  0.100000, -0.173205, -0.165138,  0.017431,  1.000000,  0.000000,  0.000000,  0.000000
  0.128558, -0.153209, -0.165138,  0.017431,  1.000000,  0.000000,  0.000000,  0.000000
  0.153209, -0.128558, -0.165138,  0.017431,  1.000000,  0.000000,  0.000000,  0.000000
  0.173205, -0.100000, -0.165138,  0.017431,  1.000000,  0.000000,  0.000000,  0.000000
  0.187939, -0.068404, -0.165138,  0.017431,  1.000000,  0.000000,  0.000000,  0.000000
  0.196962, -0.034730, -0.165138,  0.017431,  1.000000,  0.000000,  0.000000,  0.000000
  0.200000,  0.000000, -0.165138,  0.017431,  1.000000,  0.000000,  0.000000,  0.000000
  0.196962,  0.034730, -0.130275,  0.017431,  1.000000,  0.000000,  0.000000,  0.000000
  0.187939,  0.068404, -0.130275,  0.017431,  1.000000,  0.000000,  0.000000,  0.000000
  0.173205,  0.100000, -0.130275,  0.017431,  1.000000,  0.000000,  0.000000,  0.000000
  0.153209,  0.128558, -0.130275,  0.017431,  1.000000,  0.000000,  0.000000,  0.000000
  0.128558,  0.153209, -0.130275,  0.017431,  1.000000,  0.000000,  0.000000,  0.000000
  0.100000,  0.173205, -0.130275,  0.017431,  1.000000,  0.000000,  0.000000,  0.000000
  0.068404,  0.187939, -0.130275,  0.017431,  1.000000,  0.000000,  0.000000,  0.000000
  0.034730,  0.196962, -0.130275,  0.017431,  1.000000,  0.000000,  0.000000,  0.000000
  0.000000,  0.200000, -0.130275,  0.017431,  1.000000,  0.000000,  0.000000,  0.000000
 -0.034730,  0.196962, -0.130275,  0.017431,  1.000000,  0.000000,  0.000000,  0.000000
 -0.068404,  0.187939, -0.130275,  0.017431,  1.000000,  0.000000,  0.000000,  0.000000
 -0.100000,  0.173205, -0.130275,  0.017431,  1.000000,  0.000000,  0.000000,  0.000000
 -0.128558,  0.153209, -0.130275,  0.017431,  1.000000,  0.000000,  0.000000,  0.000000
 -0.153209,  0.128558, -0.130275,  0.017431,  1.000000,  0.000000,  0.000000,  0.000000
 -0.173205,  0.100000, -0.130275,  0.017431,  1.000000,  0.000000,  0.000000,  0.000000
 -0.187939,  0.068404, -0.130275,  0.017431,  1.000000,  0.000000,  0.000000,  0.000000
 -0.196962,  0.034730, -0.130275,  0.017431,  1.000000,  0.000000,  0.000000,  0.000000
 -0.200000,  0.000000, -0.130275,  0.017431,  1.000000,  0.000000,  0.000000,  0.000000
 -0.196962, -0.034730, -0.130275,  0.017431,  1.000000,  0.000000,  0.000000,  0.000000
 -0.187939, -0.068404, -0.130275,  0.017431,  1.000000,  0.000000,  0.000000,  0.000000
 -0.173205, -0.100000, -0.130275,  0.017431,  1.000000,  0.000000,  0.000000,  0.000000
 -0.153209, -0.128558, -0.130275,  0.017431,  1.000000,  0.000000,  0.000000,  0.000000
 -0.128558, -0.153209, -0.130275,  0.017431,  1.000000,  0.000000,  0.000000,  0.000000
 -0.100000, -0.173205, -0.130275,  0.017431,  1.000000,  0.000000,  0.000000,  0.000000
 -0.068404, -0.187939, -0.130275,  0.017431,  1.000000,  0.000000,  0.000000,  0.000000
 -0.034730, -0.196962, -0.130275,  0.017431,  1.000000,  0.000000,  0.000000,  0.000000
  0.000000, -0.200000, -0.130275,  0.017431,  1.000000,  0.000000,  0.000000,  0.000000
  0.034730, -0.196962, -0.130275,  0.017431,  1.000000,  0.000000,  0.000000,  0.000000
  0.068404, -0.187939, -0.130275,  0.017431,  1.000000,  0.000000,  0.000000,  0.000000
  0.100000, -0.173205, -0.130275,  0.017431,  1.000000,  0.000000,  0.000000,  0.000000
  0.128558, -0.153209, -0.130275,  0.017431,  1.000000,  0.000000,  0.000000,  0.000000
  0.153209, -0.128558, -0.130275,  0.017431,  1.000000,  0.000000,  0.000000,  0.000000
  0.173205, -0.100000, -0.130275,  0.017431,  1.000000,  0.000000,  0.000000,  0.000000
  0.187939, -0.068404, -0.130275,  0.017431,  1.000000,  0.000000,  0.000000,  0.000000
  0.196962, -0.034730, -0.130275,  0.017431,  1.000000,  0.000000,  0.000000,  0.000000
  0.200000,  0.000000, -0.130275,  0.017431,  1.000000,  0.000000,  0.000000,  0.000000
  0.196962,  0.034730, -0.095413,  0.017431,  1.000000,  0.000000,  0.000000,  0.000000
  0.187939,  0.068404, -0.095413,  0.017431,  1.000000,  0.000000,  0.000000,  0.000000
  0.173205,  0.100000, -0.095413,  0.017431,  1.000000,  0.000000,  0.000000,  0.000000
  0.153209,  0.128558, -0.095413,  0.017431,  1.000000,  0.000000,  0.000000,  0.000000
  0.128558,  0.153209, -0.095413,  0.017431,  1.000000,  0.000000,  0.000000,  0.000000
  0.100000,  0.173205, -0.095413,  0.017431,  1.000000,  0.000000,  0.000000,  0.000000
  0.068404,  0.187939, -0.095413,  0.017431,  1.000000,  0.000000,  0.000000,  0.000000
  0.034730,  0.196962, -0.095413,  0.017431,  1.000000,  0.000000,  0.000000,  0.000000
  0.000000,  0.200000, -0.095413,  0.017431,  1.000000,  0.000000,  0.000000,  0.000000
 -0.034730,  0.196962, -0.095413,  0.017431,  1.000000,  0.000000,  0.000000,  0.000000
 -0.068404,  0.187939, -0.095413,  0.017431,  1.000000,  0.000000,  0.000000,  0.000000
 -0.100000,  0.173205, -0.095413,  0.017431,  1.000000,  0.000000,  0.000000,  0.000000
 -0.128558,  0.153209, -0.095413,  0.017431,  1.000000,  0.000000,  0.000000,  0.000000
 -0.153209,  0.128558, -0.095413,  0.017431,  1.000000,  0.000000,  0.000000,  0.000000
 -0.173205,  0.100000, -0.095413,  0.017431,  1.000000,  0.000000,  0.000000,  0.000000
 -0.187939,  0.068404, -0.095413,  0.017431,  1.000000,  0.000000,  0.000000,  0.000000
 -0.196962,  0.034730, -0.095413,  0.017431,  1.000000,  0.000000,  0.000000,  0.000000
 -0.200000,  0.000000, -0.095413,  0.017431,  1.000000,  0.000000,  0.000000,  0.000000
 -0.196962, -0.034730, -0.095413,  0.017431,  1.000000,  0.000000,  0.000000,  0.000000
 -0.187939, -0.068404, -0.095413,  0.017431,  1.000000,  0.000000,  0.000000,  0.000000
 -0.173205, -0.100000, -0.095413,  0.017431,  1.000000,  0.000000,  0.000000,  0.000000
 -0.153209, -0.128558, -0.095413,  0.017431,  1.000000,  0.000000,  0.000000,  0.000000
 -0.128558, -0.153209, -0.095413,  0.017431,  1.000000,  0.000000,  0.000000,  0.000000
 -0.100000, -0.173205, -0.095413,  0.017431,  1.000000,  0.000000,  0.000000,  0.000000
 -0.068404, -0.187939, -0.095413,  0.017431,  1.000000,  0.000000,  0.000000,  0.000000
 -0.034730, -0.196962, -0.095413,  0.017431,  1.000000,  0.000000,  0.000000,  0.000000
  0.000000, -0.200000, -0.095413,  0.017431,  1.000000,  0.000000,  0.000000,  0.000000
  0.034730, -0.196962, -0.095413,  0.017431,  1.000000,  0.000000,  0.000000,  0.000000
  0.068404, -0.187939, -0.095413,  0.017431,  1.000000,  0.000000,  0.000000,  0.000000
  0.100000, -0.173205, -0.095413,  0.017431,  1.000000,  0.000000,  0.000000,  0.000000
  0.128558, -0.153209, -0.095413,  0.017431,  1.000000,  0.000000,  0.000000,  0.000000
  0.153209, -0.128558, -0.095413,  0.017431,  1.000000,  0.000000,  0.000000,  0.000000
  0.173205, -0.100000, -0.095413,  0.017431,  1.000000,  0.000000,  0.000000,  0.000000
  0.187939, -0.068404, -0.095413,  0.017431,  1.000000,  0.000000,  0.000000,  0.000000
  0.196962, -0.034730, -0.095413,  0.017431,  1.000000,  0.000000,  0.000000,  0.000000
  0.200000,  0.000000, -0.095413,  0.017431,  1.000000,  0.000000,  0.000000,  0.000000
  0.196962,  0.034730, -0.060551,  0.017431,  1.000000,  0.000000,  0.000000,  0.000000
  0.187939,  0.068404, -0.060551,  0.017431,  1.000000,  0.000000,  0.000000,  0.000000
  0.173205,  0.100000, -0.060551,  0.017431,  1.000000,  0.000000,  0.000000,  0.000000
  0.153209,  0.128558, -0.060551,  0.017431,  1.000000,  0.000000,  0.000000,  0.000000
  0.128558,  0.153209, -0.060551,  0.017431,  1.000000,  0.000000,  0.000000,  0.000000
  0.100000,  0.173205, -0.060551,  0.017431,  1.000000,  0.000000,  0.000000,  0.000000
  0.068404,  0.187939, -0.060551,  0.017431,  1.000000,  0.000000,  0.000000,  0.000000
  0.034730,  0.196962, -0.060551,  0.017431,  1.000000,  0.000000,  0.000000,  0.000000
  0.000000,  0.200000, -0.060551,  0.017431,  1.000000,  0.000000,  0.000000,  0.000000
 -0.034730,  0.196962, -0.060551,  0.017431,  1.000000,  0.000000,  0.000000,  0.000000
 -0.068404,  0.187939, -0.060551,  0.017431,  1.000000,  0.000000,  0.000000,  0.000000
 -0.100000,  0.173205, -0.060551,  0.017431,  1.000000,  0.000000,  0.000000,  0.000000
 -0.128558,  0.153209, -0.060551,  0.017431,  1.000000,  0.000000,  0.000000,  0.000000
 -0.153209,  0.128558, -0.060551,  0.017431,  1.000000,  0.000000,  0.000000,  0.000000
 -0.173205,  0.100000, -0.060551,  0.017431,  1.000000,  0.000000,  0.000000,  0.000000
 -0.187939,  0.068404, -0.060551,  0.017431,  1.000000,  0.000000,  0.000000,  0.000000
 -0.196962,  0.034730, -0.060551,  0.017431,  1.000000,  0.000000,  0.000000,  0.000000
 -0.200000,  0.000000, -0.060551,  0.017431,  1.000000,  0.000000,  0.000000,  0.000000
 -0.196962, -0.034730, -0.060551,  0.017431,  1.000000,  0.000000,  0.000000,  0.000000
 -0.187939, -0.068404, -0.060551,  0.017431,  1.000000,  0.000000,  0.000000,  0.000000
 -0.173205, -0.100000, -0.060551,  0.017431,  1.000000,  0.000000,  0.000000,  0.000000
 -0.153209, -0.128558, -0.060551,  0.017431,  1.000000,  0.000000,  0.000000,  0.000000
 -0.128558, -0.153209, -0.060551,  0.017431,  1.000000,  0.000000,  0.000000,  0.000000
 -0.100000, -0.173205, -0.060551,  0.017431,  1.000000,  0.000000,  0.000000,  0.000000
 -0.068404, -0.187939, -0.060551,  0.017431,  1.000000,  0.000000,  0.000000,  0.000000
 -0.034730, -0.196962, -0.060551,  0.017431,  1.000000,  0.000000,  0.000000,  0.000000
  0.000000, -0.200000, -0.060551,  0.017431,  1.000000,  0.000000,  0.000000,  0.000000
  0.034730, -0.196962, -0.060551,  0.017431,  1.000000,  0.000000,  0.000000,  0.000000
  0.068404, -0.187939, -0.060551,  0.017431,  1.000000,  0.000000,  0.000000,  0.000000
  0.100000, -0.173205, -0.060551,  0.017431,  1.000000,  0.000000,  0.000000,  0.000000
  0.128558, -0.153209, -0.060551,  0.017431,  1.000000,  0.000000,  0.000000,  0.000000
  0.153209, -0.128558, -0.060551,  0.017431,  1.000000,  0.000000,  0.000000,  0.000000
  0.173205, -0.100000, -0.060551,  0.017431,  1.000000,  0.000000,  0.000000,  0.000000
  0.187939, -0.068404, -0.060551,  0.017431,  1.000000,  0.000000,  0.000000,  0.000000
  0.196962, -0.034730, -0.060551,  0.017431,  1.000000,  0.000000,  0.000000,  0.000000
  0.200000,  0.000000, -0.060551,  0.017431,  1.000000,  0.000000,  0.000000,  0.000000
  0.196962,  0.034730, -0.025689,  0.017431,  1.000000,  0.000000,  0.000000,  0.000000
  0.187939,  0.068404, -0.025689,  0.017431,  1.000000,  0.000000,  0.000000,  0.000000
  0.173205,  0.100000, -0.025689,  0.017431,  1.000000,  0.000000,  0.000000,  0.000000
  0.153209,  0.128558, -0.025689,  0.017431,  1.000000,  0.000000,  0.000000,  0.000000
  0.128558,  0.153209, -0.025689,  0.017431,  1.000000,  0.000000,  0.000000,  0.000000
  0.100000,  0.173205, -0.025689,  0.017431,  1.000000,  0.000000,  0.000000,  0.000000
  0.068404,  0.187939, -0.025689,  0.017431,  1.000000,  0.000000,  0.000000,  0.000000
  0.034730,  0.196962, -0.025689,  0.017431,  1.000000,  0.000000,  0.000000,  0.000000
  0.000000,  0.200000, -0.025689,  0.017431,  1.000000,  0.000000,  0.000000,  0.000000
 -0.034730,  0.196962, -0.025689,  0.017431,  1.000000,  0.000000,  0.000000,  0.000000
 -0.068404,  0.187939, -0.025689,  0.017431,  1.000000,  0.000000,  0.000000,  0.000000
 -0.100000,  0.173205, -0.025689,  0.017431,  1.000000,  0.000000,  0.000000,  0.000000
 -0.128558,  0.153209, -0.025689,  0.017431,  1.000000,  0.000000,  0.000000,  0.000000
 -0.153209,  0.128558, -0.025689,  0.017431,  1.000000,  0.000000,  0.000000,  0.000000
 -0.173205,  0.100000, -0.025689,  0.017431,  1.000000,  0.000000,  0.000000,  0.000000
 -0.187939,  0.068404, -0.025689,  0.017431,  1.000000,  0.000000,  0.000000,  0.000000
 -0.196962,  0.034730, -0.025689,  0.017431,  1.000000,  0.000000,  0.000000,  0.000000
 -0.200000,  0.000000, -0.025689,  0.017431,  1.000000,  0.000000,  0.000000,  0.000000
 -0.196962, -0.034730, -0.025689,  0.017431,  1.000000,  0.000000,  0.000000,  0.000000
 -0.187939, -0.068404, -0.025689,  0.017431,  1.000000,  0.000000,  0.000000,  0.000000
 -0.173205, -0.100000, -0.025689,  0.017431,  1.000000,  0.000000,  0.000000,  0.000000
 -0.153209, -0.128558, -0.025689,  0.017431,  1.000000,  0.000000,  0.000000,  0.000000
 -0.128558, -0.153209, -0.025689,  0.017431,  1.000000,  0.000000,  0.000000,  0.000000
 -0.100000, -0.173205, -0.025689,  0.017431,  1.000000,  0.000000,  0.000000,  0.000000
 -0.068404, -0.187939, -0.025689,  0.017431,  1.000000,  0.000000,  0.000000,  0.000000
 -0.034730, -0.196962, -0.025689,  0.017431,  1.000000,  0.000000,  0.000000,  0.000000
  0.000000, -0.200000, -0.025689,  0.017431,  1.000000,  0.000000,  0.000000,  0.000000
  0.034730, -0.196962, -0.025689,  0.017431,  1.000000,  0.000000,  0.000000,  0.000000
  0.068404, -0.187939, -0.025689,  0.017431,  1.000000,  0.000000,  0.000000,  0.000000
  0.100000, -0.173205, -0.025689,  0.017431,  1.000000,  0.000000,  0.000000,  0.000000
  0.128558, -0.153209, -0.025689,  0.017431,  1.000000,  0.000000,  0.000000,  0.000000
  0.153209, -0.128558, -0.025689,  0.017431,  1.000000,  0.000000,  0.000000,  0.000000
  0.173205, -0.100000, -0.025689,  0.017431,  1.000000,  0.000000,  0.000000,  0.000000
  0.187939, -0.068404, -0.025689,  0.017431,  1.000000,  0.000000,  0.000000,  0.000000
  0.196962, -0.034730, -0.025689,  0.017431,  1.000000,  0.000000,  0.000000,  0.000000
  0.200000,  0.000000, -0.025689,  0.017431,  1.000000,  0.000000,  0.000000,  0.000000
  0.196962,  0.034730,  0.009174,  0.017431,  1.000000,  0.000000,  0.000000,  0.000000
  0.187939,  0.068404,  0.009174,  0.017431,  1.000000,  0.000000,  0.000000,  0.000000
  0.173205,  0.100000,  0.009174,  0.017431,  1.000000,  0.000000,  0.000000,  0.000000
  0.153209,  0.128558,  0.009174,  0.017431,  1.000000,  0.000000,  0.000000,  0.000000
  0.128558,  0.153209,  0.009174,  0.017431,  1.000000,  0.000000,  0.000000,  0.000000
  0.100000,  0.173205,  0.009174,  0.017431,  1.000000,  0.000000,  0.000000,  0.000000
  0.068404,  0.187939,  0.009174,  0.017431,  1.000000,  0.000000,  0.000000,  0.000000
  0.034730,  0.196962,  0.009174,  0.017431,  1.000000,  0.000000,  0.000000,  0.000000
  0.000000,  0.200000,  0.009174,  0.017431,  1.000000,  0.000000,  0.000000,  0.000000
 -0.034730,  0.196962,  0.009174,  0.017431,  1.000000,  0.000000,  0.000000,  0.000000
 -0.068404,  0.187939,  0.009174,  0.017431,  1.000000,  0.000000,  0.000000,  0.000000
 -0.100000,  0.173205,  0.009174,  0.017431,  1.000000,  0.000000,  0.000000,  0.000000
 -0.128558,  0.153209,  0.009174,  0.017431,  1.000000,  0.000000,  0.000000,  0.000000
 -0.153209,  0.128558,  0.009174,  0.017431,  1.000000,  0.000000,  0.000000,  0.000000
 -0.173205,  0.100000,  0.009174,  0.017431,  1.000000,  0.000000,  0.000000,  0.000000
 -0.187939,  0.068404,  0.009174,  0.017431,  1.000000,  0.000000,  0.000000,  0.000000
 -0.196962,  0.034730,  0.009174,  0.017431,  1.000000,  0.000000,  0.000000,  0.000000
 -0.200000,  0.000000,  0.009174,  0.017431,  1.000000,  0.000000,  0.000000,  0.000000
 -0.196962, -0.034730,  0.009174,  0.017431,  1.000000,  0.000000,  0.000000,  0.000000
 -0.187939, -0.068404,  0.009174,  0.017431,  1.000000,  0.000000,  0.000000,  0.000000
 -0.173205, -0.100000,  0.009174,  0.017431,  1.000000,  0.000000,  0.000000,  0.000000
 -0.153209, -0.128558,  0.009174,  0.017431,  1.000000,  0.000000,  0.000000,  0.000000
 -0.128558, -0.153209,  0.009174,  0.017431,  1.000000,  0.000000,  0.000000,  0.000000
 -0.100000, -0.173205,  0.009174,  0.017431,  1.000000,  0.000000,  0.000000,  0.000000
 -0.068404, -0.187939,  0.009174,  0.017431,  1.000000,  0.000000,  0.000000,  0.000000
 -0.034730, -0.196962,  0.009174,  0.017431,  1.000000,  0.000000,  0.000000,  0.000000
  0.000000, -0.200000,  0.009174,  0.017431,  1.000000,  0.000000,  0.000000,  0.000000
  0.034730, -0.196962,  0.009174,  0.017431,  1.000000,  0.000000,  0.000000,  0.000000
  0.068404, -0.187939,  0.009174,  0.017431,  1.000000,  0.000000,  0.000000,  0.000000
  0.100000, -0.173205,  0.009174,  0.017431,  1.000000,  0.000000,  0.000000,  0.000000
  0.128558, -0.153209,  0.009174,  0.017431,  1.000000,  0.000000,  0.000000,  0.000000
  0.153209, -0.128558,  0.009174,  0.017431,  1.000000,  0.000000,  0.000000,  0.000000
  0.173205, -0.100000,  0.009174,  0.017431,  1.000000,  0.000000,  0.000000,  0.000000
  0.187939, -0.068404,  0.009174,  0.017431,  1.000000,  0.000000,  0.000000,  0.000000
  0.196962, -0.034730,  0.009174,  0.017431,  1.000000,  0.000000,  0.000000,  0.000000
  0.200000,  0.000000,  0.009174,  0.017431,  1.000000,  0.000000,  0.000000,  0.000000
  0.196962,  0.034730,  0.044036,  0.017431,  1.000000,  0.000000,  0.000000,  0.000000
  0.187939,  0.068404,  0.044036,  0.017431,  1.000000,  0.000000,  0.000000,  0.000000
  0.173205,  0.100000,  0.044036,  0.017431,  1.000000,  0.000000,  0.000000,  0.000000
  0.153209,  0.128558,  0.044036,  0.017431,  1.000000,  0.000000,  0.000000,  0.000000
  0.128558,  0.153209,  0.044036,  0.017431,  1.000000,  0.000000,  0.000000,  0.000000
  0.100000,  0.173205,  0.044036,  0.017431,  1.000000,  0.000000,  0.000000,  0.000000
  0.068404,  0.187939,  0.044036,  0.017431,  1.000000,  0.000000,  0.000000,  0.000000
  0.034730,  0.196962,  0.044036,  0.017431,  1.000000,  0.000000,  0.000000,  0.000000
  0.000000,  0.200000,  0.044036,  0.017431,  1.000000,  0.000000,  0.000000,  0.000000
 -0.034730,  0.196962,  0.044036,  0.017431,  1.000000,  0.000000,  0.000000,  0.000000
 -0.068404,  0.187939,  0.044036,  0.017431,  1.000000,  0.000000,  0.000000,  0.000000
 -0.100000,  0.173205,  0.044036,  0.017431,  1.000000,  0.000000,  0.000000,  0.000000
 -0.128558,  0.153209,  0.044036,  0.017431,  1.000000,  0.000000,  0.000000,  0.000000
 -0.153209,  0.128558,  0.044036,  0.017431,  1.000000,  0.000000,  0.000000,  0.000000
 -0.173205,  0.100000,  0.044036,  0.017431,  1.000000,  0.000000,  0.000000,  0.000000
 -0.187939,  0.068404,  0.044036,  0.017431,  1.000000,  0.000000,  0.000000,  0.000000
 -0.196962,  0.034730,  0.044036,  0.017431,  1.000000,  0.000000,  0.000000,  0.000000
 -0.200000,  0.000000,  0.044036,  0.017431,  1.000000,  0.000000,  0.000000,  0.000000
 -0.196962, -0.034730,  0.044036,  0.017431,  1.000000,  0.000000,  0.000000,  0.000000
 -0.187939, -0.068404,  0.044036,  0.017431,  1.000000,  0.000000,  0.000000,  0.000000
 -0.173205, -0.100000,  0.044036,  0.017431,  1.000000,  0.000000,  0.000000,  0.000000
 -0.153209, -0.128558,  0.044036,  0.017431,  1.000000,  0.000000,  0.000000,  0.000000
 -0.128558, -0.153209,  0.044036,  0.017431,  1.000000,  0.000000,  0.000000,  0.000000
 -0.100000, -0.173205,  0.044036,  0.017431,  1.000000,  0.000000,  0.000000,  0.000000
 -0.068404, -0.187939,  0.044036,  0.017431,  1.000000,  0.000000,  0.000000,  0.000000
 -0.034730, -0.196962,  0.044036,  0.017431,  1.000000,  0.000000,  0.000000,  0.000000
  0.000000, -0.200000,  0.044036,  0.017431,  1.000000,  0.000000,  0.000000,  0.000000
  0.034730, -0.196962,  0.044036,  0.017431,  1.000000,  0.000000,  0.000000,  0.000000
  0.068404, -0.187939,  0.044036,  0.017431,  1.000000,  0.000000,  0.000000,  0.000000
  0.100000, -0.173205,  0.044036,  0.017431,  1.000000,  0.000000,  0.000000,  0.000000
  0.128558, -0.153209,  0.044036,  0.017431,  1.000000,  0.000000,  0.000000,  0.000000
  0.153209, -0.128558,  0.044036,  0.017431,  1.000000,  0.000000,  0.000000,  0.000000
  0.173205, -0.100000,  0.044036,  0.017431,  1.000000,  0.000000,  0.000000,  0.000000
  0.187939, -0.068404,  0.044036,  0.017431,  1.000000,  0.000000,  0.000000,  0.000000
  0.196962, -0.034730,  0.044036,  0.017431,  1.000000,  0.000000,  0.000000,  0.000000
  0.200000,  0.000000,  0.044036,  0.017431,  1.000000,  0.000000,  0.000000,  0.000000
  0.196962,  0.034730,  0.078898,  0.017431,  1.000000,  0.000000,  0.000000,  0.000000
  0.187939,  0.068404,  0.078898,  0.017431,  1.000000,  0.000000,  0.000000,  0.000000
  0.173205,  0.100000,  0.078898,  0.017431,  1.000000,  0.000000,  0.000000,  0.000000
  0.153209,  0.128558,  0.078898,  0.017431,  1.000000,  0.000000,  0.000000,  0.000000
  0.128558,  0.153209,  0.078898,  0.017431,  1.000000,  0.000000,  0.000000,  0.000000
  0.100000,  0.173205,  0.078898,  0.017431,  1.000000,  0.000000,  0.000000,  0.000000
  0.068404,  0.187939,  0.078898,  0.017431,  1.000000,  0.000000,  0.000000,  0.000000
  0.034730,  0.196962,  0.078898,  0.017431,  1.000000,  0.000000,  0.000000,  0.000000
  0.000000,  0.200000,  0.078898,  0.017431,  1.000000,  0.000000,  0.000000,  0.000000
 -0.034730,  0.196962,  0.078898,  0.017431,  1.000000,  0.000000,  0.000000,  0.000000
 -0.068404,  0.187939,  0.078898,  0.017431,  1.000000,  0.000000,  0.000000,  0.000000
 -0.100000,  0.173205,  0.078898,  0.017431,  1.000000,  0.000000,  0.000000,  0.000000
 -0.128558,  0.153209,  0.078898,  0.017431,  1.000000,  0.000000,  0.000000,  0.000000
 -0.153209,  0.128558,  0.078898,  0.017431,  1.000000,  0.000000,  0.000000,  0.000000
 -0.173205,  0.100000,  0.078898,  0.017431,  1.000000,  0.000000,  0.000000,  0.000000
 -0.187939,  0.068404,  0.078898,  0.017431,  1.000000,  0.000000,  0.000000,  0.000000
 -0.196962,  0.034730,  0.078898,  0.017431,  1.000000,  0.000000,  0.000000,  0.000000
 -0.200000,  0.000000,  0.078898,  0.017431,  1.000000,  0.000000,  0.000000,  0.000000
 -0.196962, -0.034730,  0.078898,  0.017431,  1.000000,  0.000000,  0.000000,  0.000000
 -0.187939, -0.068404,  0.078898,  0.017431,  1.000000,  0.000000,  0.000000,  0.000000
 -0.173205, -0.100000,  0.078898,  0.017431,  1.000000,  0.000000,  0.000000,  0.000000
 -0.153209, -0.128558,  0.078898,  0.017431,  1.000000,  0.000000,  0.000000,  0.000000
 -0.128558, -0.153209,  0.078898,  0.017431,  1.000000,  0.000000,  0.000000,  0.000000
 -0.100000, -0.173205,  0.078898,  0.017431,  1.000000,  0.000000,  0.000000,  0.000000
 -0.068404, -0.187939,  0.078898,  0.017431,  1.000000,  0.000000,  0.000000,  0.000000
 -0.034730, -0.196962,  0.078898,  0.017431,  1.000000,  0.000000,  0.000000,  0.000000
  0.000000, -0.200000,  0.078898,  0.017431,  1.000000,  0.000000,  0.000000,  0.000000
  0.034730, -0.196962,  0.078898,  0.017431,  1.000000,  0.000000,  0.000000,  0.000000
  0.068404, -0.187939,  0.078898,  0.017431,  1.000000,  0.000000,  0.000000,  0.000000
  0.100000, -0.173205,  0.078898,  0.017431,  1.000000,  0.000000,  0.000000,  0.000000
  0.128558, -0.153209,  0.078898,  0.017431,  1.000000,  0.000000,  0.000000,  0.000000
  0.153209, -0.128558,  0.078898,  0.017431,  1.000000,  0.000000,  0.000000,  0.000000
  0.173205, -0.100000,  0.078898,  0.017431,  1.000000,  0.000000,  0.000000,  0.000000
  0.187939, -0.068404,  0.078898,  0.017431,  1.000000,  0.000000,  0.000000,  0.000000
  0.196962, -0.034730,  0.078898,  0.017431,  1.000000,  0.000000,  0.000000,  0.000000
  0.200000,  0.000000,  0.078898,  0.017431,  1.000000,  0.000000,  0.000000,  0.000000
  0.196962,  0.034730,  0.113761,  0.017431,  1.000000,  0.000000,  0.000000,  0.000000
  0.187939,  0.068404,  0.113761,  0.017431,  1.000000,  0.000000,  0.000000,  0.000000
  0.173205,  0.100000,  0.113761,  0.017431,  1.000000,  0.000000,  0.000000,  0.000000
  0.153209,  0.128558,  0.113761,  0.017431,  1.000000,  0.000000,  0.000000,  0.000000
  0.128558,  0.153209,  0.113761,  0.017431,  1.000000,  0.000000,  0.000000,  0.000000
  0.100000,  0.173205,  0.113761,  0.017431,  1.000000,  0.000000,  0.000000,  0.000000
  0.068404,  0.187939,  0.113761,  0.017431,  1.000000,  0.000000,  0.000000,  0.000000
  0.034730,  0.196962,  0.113761,  0.017431,  1.000000,  0.000000,  0.000000,  0.000000
  0.000000,  0.200000,  0.113761,  0.017431,  1.000000,  0.000000,  0.000000,  0.000000
 -0.034730,  0.196962,  0.113761,  0.017431,  1.000000,  0.000000,  0.000000,  0.000000
 -0.068404,  0.187939,  0.113761,  0.017431,  1.000000,  0.000000,  0.000000,  0.000000
 -0.100000,  0.173205,  0.113761,  0.017431,  1.000000,  0.000000,  0.000000,  0.000000
 -0.128558,  0.153209,  0.113761,  0.017431,  1.000000,  0.000000,  0.000000,  0.000000
 -0.153209,  0.128558,  0.113761,  0.017431,  1.000000,  0.000000,  0.000000,  0.000000
 -0.173205,  0.100000,  0.113761,  0.017431,  1.000000,  0.000000,  0.000000,  0.000000
 -0.187939,  0.068404,  0.113761,  0.017431,  1.000000,  0.000000,  0.000000,  0.000000
 -0.196962,  0.034730,  0.113761,  0.017431,  1.000000,  0.000000,  0.000000,  0.000000
 -0.200000,  0.000000,  0.113761,  0.017431,  1.000000,  0.000000,  0.000000,  0.000000
 -0.196962, -0.034730,  0.113761,  0.017431,  1.000000,  0.000000,  0.000000,  0.000000
 -0.187939, -0.068404,  0.113761,  0.017431,  1.000000,  0.000000,  0.000000,  0.000000
 -0.173205, -0.100000,  0.113761,  0.017431,  1.000000,  0.000000,  0.000000,  0.000000
 -0.153209, -0.128558,  0.113761,  0.017431,  1.000000,  0.000000,  0.000000,  0.000000
 -0.128558, -0.153209,  0.113761,  0.017431,  1.000000,  0.000000,  0.000000,  0.000000
 -0.100000, -0.173205,  0.113761,  0.017431,  1.000000,  0.000000,  0.000000,  0.000000
 -0.068404, -0.187939,  0.113761,  0.017431,  1.000000,  0.000000,  0.000000,  0.000000
 -0.034730, -0.196962,  0.113761,  0.017431,  1.000000,  0.000000,  0.000000,  0.000000
  0.000000, -0.200000,  0.113761,  0.017431,  1.000000,  0.000000,  0.000000,  0.000000
  0.034730, -0.196962,  0.113761,  0.017431,  1.000000,  0.000000,  0.000000,  0.000000
  0.068404, -0.187939,  0.113761,  0.017431,  1.000000,  0.000000,  0.000000,  0.000000
  0.100000, -0.173205,  0.113761,  0.017431,  1.000000,  0.000000,  0.000000,  0.000000
  0.128558, -0.153209,  0.113761,  0.017431,  1.000000,  0.000000,  0.000000,  0.000000
  0.153209, -0.128558,  0.113761,  0.017431,  1.000000,  0.000000,  0.000000,  0.000000
  0.173205, -0.100000,  0.113761,  0.017431,  1.000000,  0.000000,  0.000000,  0.000000
  0.187939, -0.068404,  0.113761,  0.017431,  1.000000,  0.000000,  0.000000,  0.000000
  0.196962, -0.034730,  0.113761,  0.017431,  1.000000,  0.000000,  0.000000,  0.000000
  0.200000,  0.000000,  0.113761,  0.017431,  1.000000,  0.000000,  0.000000,  0.000000
  0.196962,  0.034730,  0.148623,  0.017431,  1.000000,  0.000000,  0.000000,  0.000000
  0.187939,  0.068404,  0.148623,  0.017431,  1.000000,  0.000000,  0.000000,  0.000000
  0.173205,  0.100000,  0.148623,  0.017431,  1.000000,  0.000000,  0.000000,  0.000000
  0.153209,  0.128558,  0.148623,  0.017431,  1.000000,  0.000000,  0.000000,  0.000000
  0.128558,  0.153209,  0.148623,  0.017431,  1.000000,  0.000000,  0.000000,  0.000000
  0.100000,  0.173205,  0.148623,  0.017431,  1.000000,  0.000000,  0.000000,  0.000000
  0.068404,  0.187939,  0.148623,  0.017431,  1.000000,  0.000000,  0.000000,  0.000000
  0.034730,  0.196962,  0.148623,  0.017431,  1.000000,  0.000000,  0.000000,  0.000000
  0.000000,  0.200000,  0.148623,  0.017431,  1.000000,  0.000000,  0.000000,  0.000000
 -0.034730,  0.196962,  0.148623,  0.017431,  1.000000,  0.000000,  0.000000,  0.000000
 -0.068404,  0.187939,  0.148623,  0.017431,  1.000000,  0.000000,  0.000000,  0.000000
 -0.100000,  0.173205,  0.148623,  0.017431,  1.000000,  0.000000,  0.000000,  0.000000
 -0.128558,  0.153209,  0.148623,  0.017431,  1.000000,  0.000000,  0.000000,  0.000000
 -0.153209,  0.128558,  0.148623,  0.017431,  1.000000,  0.000000,  0.000000,  0.000000
 -0.173205,  0.100000,  0.148623,  0.017431,  1.000000,  0.000000,  0.000000,  0.000000
 -0.187939,  0.068404,  0.148623,  0.017431,  1.000000,  0.000000,  0.000000,  0.000000
 -0.196962,  0.034730,  0.148623,  0.017431,  1.000000,  0.000000,  0.000000,  0.000000
 -0.200000,  0.000000,  0.148623,  0.017431,  1.000000,  0.000000,  0.000000,  0.000000
 -0.196962, -0.034730,  0.148623,  0.017431,  1.000000,  0.000000,  0.000000,  0.000000
 -0.187939, -0.068404,  0.148623,  0.017431,  1.000000,  0.000000,  0.000000,  0.000000
 -0.173205, -0.100000,  0.148623,  0.017431,  1.000000,  0.000000,  0.000000,  0.000000
 -0.153209, -0.128558,  0.148623,  0.017431,  1.000000,  0.000000,  0.000000,  0.000000
 -0.128558, -0.153209,  0.148623,  0.017431,  1.000000,  0.000000,  0.000000,  0.000000
 -0.100000, -0.173205,  0.148623,  0.017431,  1.000000,  0.000000,  0.000000,  0.000000
 -0.068404, -0.187939,  0.148623,  0.017431,  1.000000,  0.000000,  0.000000,  0.000000
 -0.034730, -0.196962,  0.148623,  0.017431,  1.000000,  0.000000,  0.000000,  0.000000
  0.000000, -0.200000,  0.148623,  0.017431,  1.000000,  0.000000,  0.000000,  0.000000
  0.034730, -0.196962,  0.148623,  0.017431,  1.000000,  0.000000,  0.000000,  0.000000
  0.068404, -0.187939,  0.148623,  0.017431,  1.000000,  0.000000,  0.000000,  0.000000
  0.100000, -0.173205,  0.148623,  0.017431,  1.000000,  0.000000,  0.000000,  0.000000
  0.128558, -0.153209,  0.148623,  0.017431,  1.000000,  0.000000,  0.000000,  0.000000
  0.153209, -0.128558,  0.148623,  0.017431,  1.000000,  0.000000,  0.000000,  0.000000
  0.173205, -0.100000,  0.148623,  0.017431,  1.000000,  0.000000,  0.000000,  0.000000
  0.187939, -0.068404,  0.148623,  0.017431,  1.000000,  0.000000,  0.000000,  0.000000
  0.196962, -0.034730,  0.148623,  0.017431,  1.000000,  0.000000,  0.000000,  0.000000
  0.200000,  0.000000,  0.148623,  0.017431,  1.000000,  0.000000,  0.000000,  0.000000
  0.196962,  0.034730,  0.183485,  0.017431,  1.000000,  0.000000,  0.000000,  0.000000
  0.187939,  0.068404,  0.183485,  0.017431,  1.000000,  0.000000,  0.000000,  0.000000
  0.173205,  0.100000,  0.183485,  0.017431,  1.000000,  0.000000,  0.000000,  0.000000
  0.153209,  0.128558,  0.183485,  0.017431,  1.000000,  0.000000,  0.000000,  0.000000
  0.128558,  0.153209,  0.183485,  0.017431,  1.000000,  0.000000,  0.000000,  0.000000
  0.100000,  0.173205,  0.183485,  0.017431,  1.000000,  0.000000,  0.000000,  0.000000
  0.068404,  0.187939,  0.183485,  0.017431,  1.000000,  0.000000,  0.000000,  0.000000
  0.034730,  0.196962,  0.183485,  0.017431,  1.000000,  0.000000,  0.000000,  0.000000
  0.000000,  0.200000,  0.183485,  0.017431,  1.000000,  0.000000,  0.000000,  0.000000
 -0.034730,  0.196962,  0.183485,  0.017431,  1.000000,  0.000000,  0.000000,  0.000000
 -0.068404,  0.187939,  0.183485,  0.017431,  1.000000,  0.000000,  0.000000,  0.000000
 -0.100000,  0.173205,  0.183485,  0.017431,  1.000000,  0.000000,  0.000000,  0.000000
 -0.128558,  0.153209,  0.183485,  0.017431,  1.000000,  0.000000,  0.000000,  0.000000
 -0.153209,  0.128558,  0.183485,  0.017431,  1.000000,  0.000000,  0.000000,  0.000000
 -0.173205,  0.100000,  0.183485,  0.017431,  1.000000,  0.000000,  0.000000,  0.000000
 -0.187939,  0.068404,  0.183485,  0.017431,  1.000000,  0.000000,  0.000000,  0.000000
 -0.196962,  0.034730,  0.183485,  0.017431,  1.000000,  0.000000,  0.000000,  0.000000
 -0.200000,  0.000000,  0.183485,  0.017431,  1.000000,  0.000000,  0.000000,  0.000000
 -0.196962, -0.034730,  0.183485,  0.017431,  1.000000,  0.000000,  0.000000,  0.000000
 -0.187939, -0.068404,  0.183485,  0.017431,  1.000000,  0.000000,  0.000000,  0.000000
 -0.173205, -0.100000,  0.183485,  0.017431,  1.000000,  0.000000,  0.000000,  0.000000
 -0.153209, -0.128558,  0.183485,  0.017431,  1.000000,  0.000000,  0.000000,  0.000000
 -0.128558, -0.153209,  0.183485,  0.017431,  1.000000,  0.000000,  0.000000,  0.000000
 -0.100000, -0.173205,  0.183485,  0.017431,  1.000000,  0.000000,  0.000000,  0.000000
 -0.068404, -0.187939,  0.183485,  0.017431,  1.000000,  0.000000,  0.000000,  0.000000
 -0.034730, -0.196962,  0.183485,  0.017431,  1.000000,  0.000000,  0.000000,  0.000000
  0.000000, -0.200000,  0.183485,  0.017431,  1.000000,  0.000000,  0.000000,  0.000000
  0.034730, -0.196962,  0.183485,  0.017431,  1.000000,  0.000000,  0.000000,  0.000000
  0.068404, -0.187939,  0.183485,  0.017431,  1.000000,  0.000000,  0.000000,  0.000000
  0.100000, -0.173205,  0.183485,  0.017431,  1.000000,  0.000000,  0.000000,  0.000000
  0.128558, -0.153209,  0.183485,  0.017431,  1.000000,  0.000000,  0.000000,  0.000000
  0.153209, -0.128558,  0.183485,  0.017431,  1.000000,  0.000000,  0.000000,  0.000000
  0.173205, -0.100000,  0.183485,  0.017431,  1.000000,  0.000000,  0.000000,  0.000000
  0.187939, -0.068404,  0.183485,  0.017431,  1.000000,  0.000000,  0.000000,  0.000000
  0.196962, -0.034730,  0.183485,  0.017431,  1.000000,  0.000000,  0.000000,  0.000000
  0.200000,  0.000000,  0.183485,  0.017431,  1.000000,  0.000000,  0.000000,  0.000000
  0.230657,  0.030367, -0.200000,  0.015216,  1.000000,  0.000000,  0.000000,  0.000000
  0.224720,  0.060213, -0.200000,  0.015216,  1.000000,  0.000000,  0.000000,  0.000000
  0.214938,  0.089030, -0.200000,  0.015216,  1.000000,  0.000000,  0.000000,  0.000000
  0.201478,  0.116323, -0.200000,  0.015216,  1.000000,  0.000000,  0.000000,  0.000000
  0.184571,  0.141627, -0.200000,  0.015216,  1.000000,  0.000000,  0.000000,  0.000000
  0.164506,  0.164506, -0.200000,  0.015216,  1.000000,  0.000000,  0.000000,  0.000000
  0.141627,  0.184571, -0.200000,  0.015216,  1.000000,  0.000000,  0.000000,  0.000000
  0.116323,  0.201478, -0.200000,  0.015216,  1.000000,  0.000000,  0.000000,  0.000000
  0.089030,  0.214938, -0.200000,  0.015216,  1.000000,  0.000000,  0.000000,  0.000000
  0.060213,  0.224720, -0.200000,  0.015216,  1.000000,  0.000000,  0.000000,  0.000000
  0.030367,  0.230657, -0.200000,  0.015216,  1.000000,  0.000000,  0.000000,  0.000000
  0.000000,  0.232647, -0.200000,  0.015216,  1.000000,  0.000000,  0.000000,  0.000000
 -0.030367,  0.230657, -0.200000,  0.015216,  1.000000,  0.000000,  0.000000,  0.000000
 -0.060213,  0.224720, -0.200000,  0.015216,  1.000000,  0.000000,  0.000000,  0.000000
 -0.089030,  0.214938, -0.200000,  0.015216,  1.000000,  0.000000,  0.000000,  0.000000
 -0.116323,  0.201478, -0.200000,  0.015216,  1.000000,  0.000000,  0.000000,  0.000000
 -0.141627,  0.184571, -0.200000,  0.015216,  1.000000,  0.000000,  0.000000,  0.000000
 -0.164506,  0.164506, -0.200000,  0.015216,  1.000000,  0.000000,  0.000000,  0.000000
 -0.184571,  0.141627, -0.200000,  0.015216,  1.000000,  0.000000,  0.000000,  0.000000
 -0.201478,  0.116323, -0.200000,  0.015216,  1.000000,  0.000000,  0.000000,  0.000000
 -0.214938,  0.089030, -0.200000,  0.015216,  1.000000,  0.000000,  0.000000,  0.000000
 -0.224720,  0.060213, -0.200000,  0.015216,  1.000000,  0.000000,  0.000000,  0.000000
 -0.230657,  0.030367, -0.200000,  0.015216,  1.000000,  0.000000,  0.000000,  0.000000
 -0.232647,  0.000000, -0.200000,  0.015216,  1.000000,  0.000000,  0.000000,  0.000000
 -0.230657, -0.030367, -0.200000,  0.015216,  1.000000,  0.000000,  0.000000,  0.000000
 -0.224720, -0.060213, -0.200000,  0.015216,  1.000000,  0.000000,  0.000000,  0.000000
 -0.214938, -0.089030, -0.200000,  0.015216,  1.000000,  0.000000,  0.000000,  0.000000
 -0.201478, -0.116323, -0.200000,  0.015216,  1.000000,  0.000000,  0.000000,  0.000000
 -0.184571, -0.141627, -0.200000,  0.015216,  1.000000,  0.000000,  0.000000,  0.000000
 -0.164506, -0.164506, -0.200000,  0.015216,  1.000000,  0.000000,  0.000000,  0.000000
 -0.141627, -0.184571, -0.200000,  0.015216,  1.000000,  0.000000,  0.000000,  0.000000
 -0.116323, -0.201478, -0.200000,  0.015216,  1.000000,  0.000000,  0.000000,  0.000000
 -0.089030, -0.214938, -0.200000,  0.015216,  1.000000,  0.000000,  0.000000,  0.000000
 -0.060213, -0.224720, -0.200000,  0.015216,  1.000000,  0.000000,  0.000000,  0.000000
 -0.030367, -0.230657, -0.200000,  0.015216,  1.000000,  0.000000,  0.000000,  0.000000
  0.000000, -0.232647, -0.200000,  0.015216,  1.000000,  0.000000,  0.000000,  0.000000
  0.030367, -0.230657, -0.200000,  0.015216,  1.000000,  0.000000,  0.000000,  0.000000
  0.060213, -0.224720, -0.200000,  0.015216,  1.000000,  0.000000,  0.000000,  0.000000
  0.089030, -0.214938, -0.200000,  0.015216,  1.000000,  0.000000,  0.000000,  0.000000
  0.116323, -0.201478, -0.200000,  0.015216,  1.000000,  0.000000,  0.000000,  0.000000
  0.141627, -0.184571, -0.200000,  0.015216,  1.000000,  0.000000,  0.000000,  0.000000
  0.164506, -0.164506, -0.200000,  0.015216,  1.000000,  0.000000,  0.000000,  0.000000
  0.184571, -0.141627, -0.200000,  0.015216,  1.000000,  0.000000,  0.000000,  0.000000
  0.201478, -0.116323, -0.200000,  0.015216,  1.000000,  0.000000,  0.000000,  0.000000
  0.214938, -0.089030, -0.200000,  0.015216,  1.000000,  0.000000,  0.000000,  0.000000
  0.224720, -0.060213, -0.200000,  0.015216,  1.000000,  0.000000,  0.000000,  0.000000
  0.230657, -0.030367, -0.200000,  0.015216,  1.000000,  0.000000,  0.000000,  0.000000
  0.232647,  0.000000, -0.200000,  0.015216,  1.000000,  0.000000,  0.000000,  0.000000
  0.230657,  0.030367, -0.169568,  0.015216,  1.000000,  0.000000,  0.000000,  0.000000
  0.224720,  0.060213, -0.169568,  0.015216,  1.000000,  0.000000,  0.000000,  0.000000
  0.214938,  0.089030, -0.169568,  0.015216,  1.000000,  0.000000,  0.000000,  0.000000
  0.201478,  0.116323, -0.169568,  0.015216,  1.000000,  0.000000,  0.000000,  0.000000
  0.184571,  0.141627, -0.169568,  0.015216,  1.000000,  0.000000,  0.000000,  0.000000
  0.164506,  0.164506, -0.169568,  0.015216,  1.000000,  0.000000,  0.000000,  0.000000
  0.141627,  0.184571, -0.169568,  0.015216,  1.000000,  0.000000,  0.000000,  0.000000
  0.116323,  0.201478, -0.169568,  0.015216,  1.000000,  0.000000,  0.000000,  0.000000
  0.089030,  0.214938, -0.169568,  0.015216,  1.000000,  0.000000,  0.000000,  0.000000
  0.060213,  0.224720, -0.169568,  0.015216,  1.000000,  0.000000,  0.000000,  0.000000
  0.030367,  0.230657, -0.169568,  0.015216,  1.000000,  0.000000,  0.000000,  0.000000
  0.000000,  0.232647, -0.169568,  0.015216,  1.000000,  0.000000,  0.000000,  0.000000
 -0.030367,  0.230657, -0.169568,  0.015216,  1.000000,  0.000000,  0.000000,  0.000000
 -0.060213,  0.224720, -0.169568,  0.015216,  1.000000,  0.000000,  0.000000,  0.000000
 -0.089030,  0.214938, -0.169568,  0.015216,  1.000000,  0.000000,  0.000000,  0.000000
 -0.116323,  0.201478, -0.169568,  0.015216,  1.000000,  0.000000,  0.000000,  0.000000
 -0.141627,  0.184571, -0.169568,  0.015216,  1.000000,  0.000000,  0.000000,  0.000000
 -0.164506,  0.164506, -0.169568,  0.015216,  1.000000,  0.000000,  0.000000,  0.000000
 -0.184571,  0.141627, -0.169568,  0.015216,  1.000000,  0.000000,  0.000000,  0.000000
 -0.201478,  0.116323, -0.169568,  0.015216,  1.000000,  0.000000,  0.000000,  0.000000
 -0.214938,  0.089030, -0.169568,  0.015216,  1.000000,  0.000000,  0.000000,  0.000000
 -0.224720,  0.060213, -0.169568,  0.015216,  1.000000,  0.000000,  0.000000,  0.000000
 -0.230657,  0.030367, -0.169568,  0.015216,  1.000000,  0.000000,  0.000000,  0.000000
 -0.232647,  0.000000, -0.169568,  0.015216,  1.000000,  0.000000,  0.000000,  0.000000
 -0.230657, -0.030367, -0.169568,  0.015216,  1.000000,  0.000000,  0.000000,  0.000000
 -0.224720, -0.060213, -0.169568,  0.015216,  1.000000,  0.000000,  0.000000,  0.000000
 -0.214938, -0.089030, -0.169568,  0.015216,  1.000000,  0.000000,  0.000000,  0.000000
 -0.201478, -0.116323, -0.169568,  0.015216,  1.000000,  0.000000,  0.000000,  0.000000
 -0.184571, -0.141627, -0.169568,  0.015216,  1.000000,  0.000000,  0.000000,  0.000000
 -0.164506, -0.164506, -0.169568,  0.015216,  1.000000,  0.000000,  0.000000,  0.000000
 -0.141627, -0.184571, -0.169568,  0.015216,  1.000000,  0.000000,  0.000000,  0.000000
 -0.116323, -0.201478, -0.169568,  0.015216,  1.000000,  0.000000,  0.000000,  0.000000
 -0.089030, -0.214938, -0.169568,  0.015216,  1.000000,  0.000000,  0.000000,  0.000000
 -0.060213, -0.224720, -0.169568,  0.015216,  1.000000,  0.000000,  0.000000,  0.000000
 -0.030367, -0.230657, -0.169568,  0.015216,  1.000000,  0.000000,  0.000000,  0.000000
  0.000000, -0.232647, -0.169568,  0.015216,  1.000000,  0.000000,  0.000000,  0.000000
  0.030367, -0.230657, -0.169568,  0.015216,  1.000000,  0.000000,  0.000000,  0.000000
  0.060213, -0.224720, -0.169568,  0.015216,  1.000000,  0.000000,  0.000000,  0.000000
  0.089030, -0.214938, -0.169568,  0.015216,  1.000000,  0.000000,  0.000000,  0.000000
  0.116323, -0.201478, -0.169568,  0.015216,  1.000000,  0.000000,  0.000000,  0.000000
  0.141627, -0.184571, -0.169568,  0.015216,  1.000000,  0.000000,  0.000000,  0.000000
  0.164506, -0.164506, -0.169568,  0.015216,  1.000000,  0.000000,  0.000000,  0.000000
  0.184571, -0.141627, -0.169568,  0.015216,  1.000000,  0.000000,  0.000000,  0.000000
  0.201478, -0.116323, -0.169568,  0.015216,  1.000000,  0.000000,  0.000000,  0.000000
  0.214938, -0.089030, -0.169568,  0.015216,  1.000000,  0.000000,  0.000000,  0.000000
  0.224720, -0.060213, -0.169568,  0.015216,  1.000000,  0.000000,  0.000000,  0.000000
  0.230657, -0.030367, -0.169568,  0.015216,  1.000000,  0.000000,  0.000000,  0.000000
  0.232647,  0.000000, -0.169568,  0.015216,  1.000000,  0.000000,  0.000000,  0.000000
  0.230657,  0.030367, -0.139137,  0.015216,  1.000000,  0.000000,  0.000000,  0.000000
  0.224720,  0.060213, -0.139137,  0.015216,  1.000000,  0.000000,  0.000000,  0.000000
  0.214938,  0.089030, -0.139137,  0.015216,  1.000000,  0.000000,  0.000000,  0.000000
  0.201478,  0.116323, -0.139137,  0.015216,  1.000000,  0.000000,  0.000000,  0.000000
  0.184571,  0.141627, -0.139137,  0.015216,  1.000000,  0.000000,  0.000000,  0.000000
  0.164506,  0.164506, -0.139137,  0.015216,  1.000000,  0.000000,  0.000000,  0.000000
  0.141627,  0.184571, -0.139137,  0.015216,  1.000000,  0.000000,  0.000000,  0.000000
  0.116323,  0.201478, -0.139137,  0.015216,  1.000000,  0.000000,  0.000000,  0.000000
  0.089030,  0.214938, -0.139137,  0.015216,  1.000000,  0.000000,  0.000000,  0.000000
  0.060213,  0.224720, -0.139137,  0.015216,  1.000000,  0.000000,  0.000000,  0.000000
  0.030367,  0.230657, -0.139137,  0.015216,  1.000000,  0.000000,  0.000000,  0.000000
  0.000000,  0.232647, -0.139137,  0.015216,  1.000000,  0.000000,  0.000000,  0.000000
 -0.030367,  0.230657, -0.139137,  0.015216,  1.000000,  0.000000,  0.000000,  0.000000
 -0.060213,  0.224720, -0.139137,  0.015216,  1.000000,  0.000000,  0.000000,  0.000000
 -0.089030,  0.214938, -0.139137,  0.015216,  1.000000,  0.000000,  0.000000,  0.000000
 -0.116323,  0.201478, -0.139137,  0.015216,  1.000000,  0.000000,  0.000000,  0.000000
 -0.141627,  0.184571, -0.139137,  0.015216,  1.000000,  0.000000,  0.000000,  0.000000
 -0.164506,  0.164506, -0.139137,  0.015216,  1.000000,  0.000000,  0.000000,  0.000000
 -0.184571,  0.141627, -0.139137,  0.015216,  1.000000,  0.000000,  0.000000,  0.000000
 -0.201478,  0.116323, -0.139137,  0.015216,  1.000000,  0.000000,  0.000000,  0.000000
 -0.214938,  0.089030, -0.139137,  0.015216,  1.000000,  0.000000,  0.000000,  0.000000
 -0.224720,  0.060213, -0.139137,  0.015216,  1.000000,  0.000000,  0.000000,  0.000000
 -0.230657,  0.030367, -0.139137,  0.015216,  1.000000,  0.000000,  0.000000,  0.000000
 -0.232647,  0.000000, -0.139137,  0.015216,  1.000000,  0.000000,  0.000000,  0.000000
 -0.230657, -0.030367, -0.139137,  0.015216,  1.000000,  0.000000,  0.000000,  0.000000
 -0.224720, -0.060213, -0.139137,  0.015216,  1.000000,  0.000000,  0.000000,  0.000000
 -0.214938, -0.089030, -0.139137,  0.015216,  1.000000,  0.000000,  0.000000,  0.000000
 -0.201478, -0.116323, -0.139137,  0.015216,  1.000000,  0.000000,  0.000000,  0.000000
 -0.184571, -0.141627, -0.139137,  0.015216,  1.000000,  0.000000,  0.000000,  0.000000
 -0.164506, -0.164506, -0.139137,  0.015216,  1.000000,  0.000000,  0.000000,  0.000000
 -0.141627, -0.184571, -0.139137,  0.015216,  1.000000,  0.000000,  0.000000,  0.000000
 -0.116323, -0.201478, -0.139137,  0.015216,  1.000000,  0.000000,  0.000000,  0.000000
 -0.089030, -0.214938, -0.139137,  0.015216,  1.000000,  0.000000,  0.000000,  0.000000
 -0.060213, -0.224720, -0.139137,  0.015216,  1.000000,  0.000000,  0.000000,  0.000000
 -0.030367, -0.230657, -0.139137,  0.015216,  1.000000,  0.000000,  0.000000,  0.000000
  0.000000, -0.232647, -0.139137,  0.015216,  1.000000,  0.000000,  0.000000,  0.000000
  0.030367, -0.230657, -0.139137,  0.015216,  1.000000,  0.000000,  0.000000,  0.000000
  0.060213, -0.224720, -0.139137,  0.015216,  1.000000,  0.000000,  0.000000,  0.000000
  0.089030, -0.214938, -0.139137,  0.015216,  1.000000,  0.000000,  0.000000,  0.000000
  0.116323, -0.201478, -0.139137,  0.015216,  1.000000,  0.000000,  0.000000,  0.000000
  0.141627, -0.184571, -0.139137,  0.015216,  1.000000,  0.000000,  0.000000,  0.000000
  0.164506, -0.164506, -0.139137,  0.015216,  1.000000,  0.000000,  0.000000,  0.000000
  0.184571, -0.141627, -0.139137,  0.015216,  1.000000,  0.000000,  0.000000,  0.000000
  0.201478, -0.116323, -0.139137,  0.015216,  1.000000,  0.000000,  0.000000,  0.000000
  0.214938, -0.089030, -0.139137,  0.015216,  1.000000,  0.000000,  0.000000,  0.000000
  0.224720, -0.060213, -0.139137,  0.015216,  1.000000,  0.000000,  0.000000,  0.000000
  0.230657, -0.030367, -0.139137,  0.015216,  1.000000,  0.000000,  0.000000,  0.000000
  0.232647,  0.000000, -0.139137,  0.015216,  1.000000,  0.000000,  0.000000,  0.000000
  0.230657,  0.030367, -0.108705,  0.015216,  1.000000,  0.000000,  0.000000,  0.000000
  0.224720,  0.060213, -0.108705,  0.015216,  1.000000,  0.000000,  0.000000,  0.000000
  0.214938,  0.089030, -0.108705,  0.015216,  1.000000,  0.000000,  0.000000,  0.000000
  0.201478,  0.116323, -0.108705,  0.015216,  1.000000,  0.000000,  0.000000,  0.000000
  0.184571,  0.141627, -0.108705,  0.015216,  1.000000,  0.000000,  0.000000,  0.000000
  0.164506,  0.164506, -0.108705,  0.015216,  1.000000,  0.000000,  0.000000,  0.000000
  0.141627,  0.184571, -0.108705,  0.015216,  1.000000,  0.000000,  0.000000,  0.000000
  0.116323,  0.201478, -0.108705,  0.015216,  1.000000,  0.000000,  0.000000,  0.000000
  0.089030,  0.214938, -0.108705,  0.015216,  1.000000,  0.000000,  0.000000,  0.000000
  0.060213,  0.224720, -0.108705,  0.015216,  1.000000,  0.000000,  0.000000,  0.000000
  0.030367,  0.230657, -0.108705,  0.015216,  1.000000,  0.000000,  0.000000,  0.000000
  0.000000,  0.232647, -0.108705,  0.015216,  1.000000,  0.000000,  0.000000,  0.000000
 -0.030367,  0.230657, -0.108705,  0.015216,  1.000000,  0.000000,  0.000000,  0.000000
 -0.060213,  0.224720, -0.108705,  0.015216,  1.000000,  0.000000,  0.000000,  0.000000
 -0.089030,  0.214938, -0.108705,  0.015216,  1.000000,  0.000000,  0.000000,  0.000000
 -0.116323,  0.201478, -0.108705,  0.015216,  1.000000,  0.000000,  0.000000,  0.000000
 -0.141627,  0.184571, -0.108705,  0.015216,  1.000000,  0.000000,  0.000000,  0.000000
 -0.164506,  0.164506, -0.108705,  0.015216,  1.000000,  0.000000,  0.000000,  0.000000
 -0.184571,  0.141627, -0.108705,  0.015216,  1.000000,  0.000000,  0.000000,  0.000000
 -0.201478,  0.116323, -0.108705,  0.015216,  1.000000,  0.000000,  0.000000,  0.000000
 -0.214938,  0.089030, -0.108705,  0.015216,  1.000000,  0.000000,  0.000000,  0.000000
 -0.224720,  0.060213, -0.108705,  0.015216,  1.000000,  0.000000,  0.000000,  0.000000
 -0.230657,  0.030367, -0.108705,  0.015216,  1.000000,  0.000000,  0.000000,  0.000000
 -0.232647,  0.000000, -0.108705,  0.015216,  1.000000,  0.000000,  0.000000,  0.000000
 -0.230657, -0.030367, -0.108705,  0.015216,  1.000000,  0.000000,  0.000000,  0.000000
 -0.224720, -0.060213, -0.108705,  0.015216,  1.000000,  0.000000,  0.000000,  0.000000
 -0.214938, -0.089030, -0.108705,  0.015216,  1.000000,  0.000000,  0.000000,  0.000000
 -0.201478, -0.116323, -0.108705,  0.015216,  1.000000,  0.000000,  0.000000,  0.000000
 -0.184571, -0.141627, -0.108705,  0.015216,  1.000000,  0.000000,  0.000000,  0.000000
 -0.164506, -0.164506, -0.108705,  0.015216,  1.000000,  0.000000,  0.000000,  0.000000
 -0.141627, -0.184571, -0.108705,  0.015216,  1.000000,  0.000000,  0.000000,  0.000000
 -0.116323, -0.201478, -0.108705,  0.015216,  1.000000,  0.000000,  0.000000,  0.000000
 -0.089030, -0.214938, -0.108705,  0.015216,  1.000000,  0.000000,  0.000000,  0.000000
 -0.060213, -0.224720, -0.108705,  0.015216,  1.000000,  0.000000,  0.000000,  0.000000
 -0.030367, -0.230657, -0.108705,  0.015216,  1.000000,  0.000000,  0.000000,  0.000000
  0.000000, -0.232647, -0.108705,  0.015216,  1.000000,  0.000000,  0.000000,  0.000000
  0.030367, -0.230657, -0.108705,  0.015216,  1.000000,  0.000000,  0.000000,  0.000000
  0.060213, -0.224720, -0.108705,  0.015216,  1.000000,  0.000000,  0.000000,  0.000000
  0.089030, -0.214938, -0.108705,  0.015216,  1.000000,  0.000000,  0.000000,  0.000000
  0.116323, -0.201478, -0.108705,  0.015216,  1.000000,  0.000000,  0.000000,  0.000000
  0.141627, -0.184571, -0.108705,  0.015216,  1.000000,  0.000000,  0.000000,  0.000000
  0.164506, -0.164506, -0.108705,  0.015216,  1.000000,  0.000000,  0.000000,  0.000000
  0.184571, -0.141627, -0.108705,  0.015216,  1.000000,  0.000000,  0.000000,  0.000000
  0.201478, -0.116323, -0.108705,  0.015216,  1.000000,  0.000000,  0.000000,  0.000000
  0.214938, -0.089030, -0.108705,  0.015216,  1.000000,  0.000000,  0.000000,  0.000000
  0.224720, -0.060213, -0.108705,  0.015216,  1.000000,  0.000000,  0.000000,  0.000000
  0.230657, -0.030367, -0.108705,  0.015216,  1.000000,  0.000000,  0.000000,  0.000000
  0.232647,  0.000000, -0.108705,  0.015216,  1.000000,  0.000000,  0.000000,  0.000000
  0.230657,  0.030367, -0.078273,  0.015216,  1.000000,  0.000000,  0.000000,  0.000000
  0.224720,  0.060213, -0.078273,  0.015216,  1.000000,  0.000000,  0.000000,  0.000000
  0.214938,  0.089030, -0.078273,  0.015216,  1.000000,  0.000000,  0.000000,  0.000000
  0.201478,  0.116323, -0.078273,  0.015216,  1.000000,  0.000000,  0.000000,  0.000000
  0.184571,  0.141627, -0.078273,  0.015216,  1.000000,  0.000000,  0.000000,  0.000000
  0.164506,  0.164506, -0.078273,  0.015216,  1.000000,  0.000000,  0.000000,  0.000000
  0.141627,  0.184571, -0.078273,  0.015216,  1.000000,  0.000000,  0.000000,  0.000000
  0.116323,  0.201478, -0.078273,  0.015216,  1.000000,  0.000000,  0.000000,  0.000000
  0.089030,  0.214938, -0.078273,  0.015216,  1.000000,  0.000000,  0.000000,  0.000000
  0.060213,  0.224720, -0.078273,  0.015216,  1.000000,  0.000000,  0.000000,  0.000000
  0.030367,  0.230657, -0.078273,  0.015216,  1.000000,  0.000000,  0.000000,  0.000000
  0.000000,  0.232647, -0.078273,  0.015216,  1.000000,  0.000000,  0.000000,  0.000000
 -0.030367,  0.230657, -0.078273,  0.015216,  1.000000,  0.000000,  0.000000,  0.000000
 -0.060213,  0.224720, -0.078273,  0.015216,  1.000000,  0.000000,  0.000000,  0.000000
 -0.089030,  0.214938, -0.078273,  0.015216,  1.000000,  0.000000,  0.000000,  0.000000
 -0.116323,  0.201478, -0.078273,  0.015216,  1.000000,  0.000000,  0.000000,  0.000000
 -0.141627,  0.184571, -0.078273,  0.015216,  1.000000,  0.000000,  0.000000,  0.000000
 -0.164506,  0.164506, -0.078273,  0.015216,  1.000000,  0.000000,  0.000000,  0.000000
 -0.184571,  0.141627, -0.078273,  0.015216,  1.000000,  0.000000,  0.000000,  0.000000
 -0.201478,  0.116323, -0.078273,  0.015216,  1.000000,  0.000000,  0.000000,  0.000000
 -0.214938,  0.089030, -0.078273,  0.015216,  1.000000,  0.000000,  0.000000,  0.000000
 -0.224720,  0.060213, -0.078273,  0.015216,  1.000000,  0.000000,  0.000000,  0.000000
 -0.230657,  0.030367, -0.078273,  0.015216,  1.000000,  0.000000,  0.000000,  0.000000
 -0.232647,  0.000000, -0.078273,  0.015216,  1.000000,  0.000000,  0.000000,  0.000000
 -0.230657, -0.030367, -0.078273,  0.015216,  1.000000,  0.000000,  0.000000,  0.000000
 -0.224720, -0.060213, -0.078273,  0.015216,  1.000000,  0.000000,  0.000000,  0.000000
 -0.214938, -0.089030, -0.078273,  0.015216,  1.000000,  0.000000,  0.000000,  0.000000
 -0.201478, -0.116323, -0.078273,  0.015216,  1.000000,  0.000000,  0.000000,  0.000000
 -0.184571, -0.141627, -0.078273,  0.015216,  1.000000,  0.000000,  0.000000,  0.000000
 -0.164506, -0.164506, -0.078273,  0.015216,  1.000000,  0.000000,  0.000000,  0.000000
 -0.141627, -0.184571, -0.078273,  0.015216,  1.000000,  0.000000,  0.000000,  0.000000
 -0.116323, -0.201478, -0.078273,  0.015216,  1.000000,  0.000000,  0.000000,  0.000000
 -0.089030, -0.214938, -0.078273,  0.015216,  1.000000,  0.000000,  0.000000,  0.000000
 -0.060213, -0.224720, -0.078273,  0.015216,  1.000000,  0.000000,  0.000000,  0.000000
 -0.030367, -0.230657, -0.078273,  0.015216,  1.000000,  0.000000,  0.000000,  0.000000
  0.000000, -0.232647, -0.078273,  0.015216,  1.000000,  0.000000,  0.000000,  0.000000
  0.030367, -0.230657, -0.078273,  0.015216,  1.000000,  0.000000,  0.000000,  0.000000
  0.060213, -0.224720, -0.078273,  0.015216,  1.000000,  0.000000,  0.000000,  0.000000
  0.089030, -0.214938, -0.078273,  0.015216,  1.000000,  0.000000,  0.000000,  0.000000
  0.116323, -0.201478, -0.078273,  0.015216,  1.000000,  0.000000,  0.000000,  0.000000
  0.141627, -0.184571, -0.078273,  0.015216,  1.000000,  0.000000,  0.000000,  0.000000
  0.164506, -0.164506, -0.078273,  0.015216,  1.000000,  0.000000,  0.000000,  0.000000
  0.184571, -0.141627, -0.078273,  0.015216,  1.000000,  0.000000,  0.000000,  0.000000
  0.201478, -0.116323, -0.078273,  0.015216,  1.000000,  0.000000,  0.000000,  0.000000
  0.214938, -0.089030, -0.078273,  0.015216,  1.000000,  0.000000,  0.000000,  0.000000
  0.224720, -0.060213, -0.078273,  0.015216,  1.000000,  0.000000,  0.000000,  0.000000
  0.230657, -0.030367, -0.078273,  0.015216,  1.000000,  0.000000,  0.000000,  0.000000
  0.232647,  0.000000, -0.078273,  0.015216,  1.000000,  0.000000,  0.000000,  0.000000
  0.230657,  0.030367, -0.047842,  0.015216,  1.000000,  0.000000,  0.000000,  0.000000
  0.224720,  0.060213, -0.047842,  0.015216,  1.000000,  0.000000,  0.000000,  0.000000
  0.214938,  0.089030, -0.047842,  0.015216,  1.000000,  0.000000,  0.000000,  0.000000
  0.201478,  0.116323, -0.047842,  0.015216,  1.000000,  0.000000,  0.000000,  0.000000
  0.184571,  0.141627, -0.047842,  0.015216,  1.000000,  0.000000,  0.000000,  0.000000
  0.164506,  0.164506, -0.047842,  0.015216,  1.000000,  0.000000,  0.000000,  0.000000
  0.141627,  0.184571, -0.047842,  0.015216,  1.000000,  0.000000,  0.000000,  0.000000
  0.116323,  0.201478, -0.047842,  0.015216,  1.000000,  0.000000,  0.000000,  0.000000
  0.089030,  0.214938, -0.047842,  0.015216,  1.000000,  0.000000,  0.000000,  0.000000
  0.060213,  0.224720, -0.047842,  0.015216,  1.000000,  0.000000,  0.000000,  0.000000
  0.030367,  0.230657, -0.047842,  0.015216,  1.000000,  0.000000,  0.000000,  0.000000
  0.000000,  0.232647, -0.047842,  0.015216,  1.000000,  0.000000,  0.000000,  0.000000
 -0.030367,  0.230657, -0.047842,  0.015216,  1.000000,  0.000000,  0.000000,  0.000000
 -0.060213,  0.224720, -0.047842,  0.015216,  1.000000,  0.000000,  0.000000,  0.000000
 -0.089030,  0.214938, -0.047842,  0.015216,  1.000000,  0.000000,  0.000000,  0.000000
 -0.116323,  0.201478, -0.047842,  0.015216,  1.000000,  0.000000,  0.000000,  0.000000
 -0.141627,  0.184571, -0.047842,  0.015216,  1.000000,  0.000000,  0.000000,  0.000000
 -0.164506,  0.164506, -0.047842,  0.015216,  1.000000,  0.000000,  0.000000,  0.000000
 -0.184571,  0.141627, -0.047842,  0.015216,  1.000000,  0.000000,  0.000000,  0.000000
 -0.201478,  0.116323, -0.047842,  0.015216,  1.000000,  0.000000,  0.000000,  0.000000
 -0.214938,  0.089030, -0.047842,  0.015216,  1.000000,  0.000000,  0.000000,  0.000000
 -0.224720,  0.060213, -0.047842,  0.015216,  1.000000,  0.000000,  0.000000,  0.000000
 -0.230657,  0.030367, -0.047842,  0.015216,  1.000000,  0.000000,  0.000000,  0.000000
 -0.232647,  0.000000, -0.047842,  0.015216,  1.000000,  0.000000,  0.000000,  0.000000
 -0.230657, -0.030367, -0.047842,  0.015216,  1.000000,  0.000000,  0.000000,  0.000000
 -0.224720, -0.060213, -0.047842,  0.015216,  1.000000,  0.000000,  0.000000,  0.000000
 -0.214938, -0.089030, -0.047842,  0.015216,  1.000000,  0.000000,  0.000000,  0.000000
 -0.201478, -0.116323, -0.047842,  0.015216,  1.000000,  0.000000,  0.000000,  0.000000
 -0.184571, -0.141627, -0.047842,  0.015216,  1.000000,  0.000000,  0.000000,  0.000000
 -0.164506, -0.164506, -0.047842,  0.015216,  1.000000,  0.000000,  0.000000,  0.000000
 -0.141627, -0.184571, -0.047842,  0.015216,  1.000000,  0.000000,  0.000000,  0.000000
 -0.116323, -0.201478, -0.047842,  0.015216,  1.000000,  0.000000,  0.000000,  0.000000
 -0.089030, -0.214938, -0.047842,  0.015216,  1.000000,  0.000000,  0.000000,  0.000000
 -0.060213, -0.224720, -0.047842,  0.015216,  1.000000,  0.000000,  0.000000,  0.000000
 -0.030367, -0.230657, -0.047842,  0.015216,  1.000000,  0.000000,  0.000000,  0.000000
  0.000000, -0.232647, -0.047842,  0.015216,  1.000000,  0.000000,  0.000000,  0.000000
  0.030367, -0.230657, -0.047842,  0.015216,  1.000000,  0.000000,  0.000000,  0.000000
  0.060213, -0.224720, -0.047842,  0.015216,  1.000000,  0.000000,  0.000000,  0.000000
  0.089030, -0.214938, -0.047842,  0.015216,  1.000000,  0.000000,  0.000000,  0.000000
  0.116323, -0.201478, -0.047842,  0.015216,  1.000000,  0.000000,  0.000000,  0.000000
  0.141627, -0.184571, -0.047842,  0.015216,  1.000000,  0.000000,  0.000000,  0.000000
  0.164506, -0.164506, -0.047842,  0.015216,  1.000000,  0.000000,  0.000000,  0.000000
  0.184571, -0.141627, -0.047842,  0.015216,  1.000000,  0.000000,  0.000000,  0.000000
  0.201478, -0.116323, -0.047842,  0.015216,  1.000000,  0.000000,  0.000000,  0.000000
  0.214938, -0.089030, -0.047842,  0.015216,  1.000000,  0.000000,  0.000000,  0.000000
  0.224720, -0.060213, -0.047842,  0.015216,  1.000000,  0.000000,  0.000000,  0.000000
  0.230657, -0.030367, -0.047842,  0.015216,  1.000000,  0.000000,  0.000000,  0.000000
  0.232647,  0.000000, -0.047842,  0.015216,  1.000000,  0.000000,  0.000000,  0.000000
  0.230657,  0.030367, -0.017410,  0.015216,  1.000000,  0.000000,  0.000000,  0.000000
  0.224720,  0.060213, -0.017410,  0.015216,  1.000000,  0.000000,  0.000000,  0.000000
  0.214938,  0.089030, -0.017410,  0.015216,  1.000000,  0.000000,  0.000000,  0.000000
  0.201478,  0.116323, -0.017410,  0.015216,  1.000000,  0.000000,  0.000000,  0.000000
  0.184571,  0.141627, -0.017410,  0.015216,  1.000000,  0.000000,  0.000000,  0.000000
  0.164506,  0.164506, -0.017410,  0.015216,  1.000000,  0.000000,  0.000000,  0.000000
  0.141627,  0.184571, -0.017410,  0.015216,  1.000000,  0.000000,  0.000000,  0.000000
  0.116323,  0.201478, -0.017410,  0.015216,  1.000000,  0.000000,  0.000000,  0.000000
  0.089030,  0.214938, -0.017410,  0.015216,  1.000000,  0.000000,  0.000000,  0.000000
  0.060213,  0.224720, -0.017410,  0.015216,  1.000000,  0.000000,  0.000000,  0.000000
  0.030367,  0.230657, -0.017410,  0.015216,  1.000000,  0.000000,  0.000000,  0.000000
  0.000000,  0.232647, -0.017410,  0.015216,  1.000000,  0.000000,  0.000000,  0.000000
 -0.030367,  0.230657, -0.017410,  0.015216,  1.000000,  0.000000,  0.000000,  0.000000
 -0.060213,  0.224720, -0.017410,  0.015216,  1.000000,  0.000000,  0.000000,  0.000000
 -0.089030,  0.214938, -0.017410,  0.015216,  1.000000,  0.000000,  0.000000,  0.000000
 -0.116323,  0.201478, -0.017410,  0.015216,  1.000000,  0.000000,  0.000000,  0.000000
 -0.141627,  0.184571, -0.017410,  0.015216,  1.000000,  0.000000,  0.000000,  0.000000
 -0.164506,  0.164506, -0.017410,  0.015216,  1.000000,  0.000000,  0.000000,  0.000000
 -0.184571,  0.141627, -0.017410,  0.015216,  1.000000,  0.000000,  0.000000,  0.000000
 -0.201478,  0.116323, -0.017410,  0.015216,  1.000000,  0.000000,  0.000000,  0.000000
 -0.214938,  0.089030, -0.017410,  0.015216,  1.000000,  0.000000,  0.000000,  0.000000
 -0.224720,  0.060213, -0.017410,  0.015216,  1.000000,  0.000000,  0.000000,  0.000000
 -0.230657,  0.030367, -0.017410,  0.015216,  1.000000,  0.000000,  0.000000,  0.000000
 -0.232647,  0.000000, -0.017410,  0.015216,  1.000000,  0.000000,  0.000000,  0.000000
 -0.230657, -0.030367, -0.017410,  0.015216,  1.000000,  0.000000,  0.000000,  0.000000
 -0.224720, -0.060213, -0.017410,  0.015216,  1.000000,  0.000000,  0.000000,  0.000000
 -0.214938, -0.089030, -0.017410,  0.015216,  1.000000,  0.000000,  0.000000,  0.000000
 -0.201478, -0.116323, -0.017410,  0.015216,  1.000000,  0.000000,  0.000000,  0.000000
 -0.184571, -0.141627, -0.017410,  0.015216,  1.000000,  0.000000,  0.000000,  0.000000
 -0.164506, -0.164506, -0.017410,  0.015216,  1.000000,  0.000000,  0.000000,  0.000000
 -0.141627, -0.184571, -0.017410,  0.015216,  1.000000,  0.000000,  0.000000,  0.000000
 -0.116323, -0.201478, -0.017410,  0.015216,  1.000000,  0.000000,  0.000000,  0.000000
 -0.089030, -0.214938, -0.017410,  0.015216,  1.000000,  0.000000,  0.000000,  0.000000
 -0.060213, -0.224720, -0.017410,  0.015216,  1.000000,  0.000000,  0.000000,  0.000000
 -0.030367, -0.230657, -0.017410,  0.015216,  1.000000,  0.000000,  0.000000,  0.000000
  0.000000, -0.232647, -0.017410,  0.015216,  1.000000,  0.000000,  0.000000,  0.000000
  0.030367, -0.230657, -0.017410,  0.015216,  1.000000,  0.000000,  0.000000,  0.000000
  0.060213, -0.224720, -0.017410,  0.015216,  1.000000,  0.000000,  0.000000,  0.000000
  0.089030, -0.214938, -0.017410,  0.015216,  1.000000,  0.000000,  0.000000,  0.000000
  0.116323, -0.201478, -0.017410,  0.015216,  1.000000,  0.000000,  0.000000,  0.000000
  0.141627, -0.184571, -0.017410,  0.015216,  1.000000,  0.000000,  0.000000,  0.000000
  0.164506, -0.164506, -0.017410,  0.015216,  1.000000,  0.000000,  0.000000,  0.000000
  0.184571, -0.141627, -0.017410,  0.015216,  1.000000,  0.000000,  0.000000,  0.000000
  0.201478, -0.116323, -0.017410,  0.015216,  1.000000,  0.000000,  0.000000,  0.000000
  0.214938, -0.089030, -0.017410,  0.015216,  1.000000,  0.000000,  0.000000,  0.000000
  0.224720, -0.060213, -0.017410,  0.015216,  1.000000,  0.000000,  0.000000,  0.000000
  0.230657, -0.030367, -0.017410,  0.015216,  1.000000,  0.000000,  0.000000,  0.000000
  0.232647,  0.000000, -0.017410,  0.015216,  1.000000,  0.000000,  0.000000,  0.000000
  0.230657,  0.030367,  0.013022,  0.015216,  1.000000,  0.000000,  0.000000,  0.000000
  0.224720,  0.060213,  0.013022,  0.015216,  1.000000,  0.000000,  0.000000,  0.000000
  0.214938,  0.089030,  0.013022,  0.015216,  1.000000,  0.000000,  0.000000,  0.000000
  0.201478,  0.116323,  0.013022,  0.015216,  1.000000,  0.000000,  0.000000,  0.000000
  0.184571,  0.141627,  0.013022,  0.015216,  1.000000,  0.000000,  0.000000,  0.000000
  0.164506,  0.164506,  0.013022,  0.015216,  1.000000,  0.000000,  0.000000,  0.000000
  0.141627,  0.184571,  0.013022,  0.015216,  1.000000,  0.000000,  0.000000,  0.000000
  0.116323,  0.201478,  0.013022,  0.015216,  1.000000,  0.000000,  0.000000,  0.000000
  0.089030,  0.214938,  0.013022,  0.015216,  1.000000,  0.000000,  0.000000,  0.000000
  0.060213,  0.224720,  0.013022,  0.015216,  1.000000,  0.000000,  0.000000,  0.000000
  0.030367,  0.230657,  0.013022,  0.015216,  1.000000,  0.000000,  0.000000,  0.000000
  0.000000,  0.232647,  0.013022,  0.015216,  1.000000,  0.000000,  0.000000,  0.000000
 -0.030367,  0.230657,  0.013022,  0.015216,  1.000000,  0.000000,  0.000000,  0.000000
 -0.060213,  0.224720,  0.013022,  0.015216,  1.000000,  0.000000,  0.000000,  0.000000
 -0.089030,  0.214938,  0.013022,  0.015216,  1.000000,  0.000000,  0.000000,  0.000000
 -0.116323,  0.201478,  0.013022,  0.015216,  1.000000,  0.000000,  0.000000,  0.000000
 -0.141627,  0.184571,  0.013022,  0.015216,  1.000000,  0.000000,  0.000000,  0.000000
 -0.164506,  0.164506,  0.013022,  0.015216,  1.000000,  0.000000,  0.000000,  0.000000
 -0.184571,  0.141627,  0.013022,  0.015216,  1.000000,  0.000000,  0.000000,  0.000000
 -0.201478,  0.116323,  0.013022,  0.015216,  1.000000,  0.000000,  0.000000,  0.000000
 -0.214938,  0.089030,  0.013022,  0.015216,  1.000000,  0.000000,  0.000000,  0.000000
 -0.224720,  0.060213,  0.013022,  0.015216,  1.000000,  0.000000,  0.000000,  0.000000
 -0.230657,  0.030367,  0.013022,  0.015216,  1.000000,  0.000000,  0.000000,  0.000000
 -0.232647,  0.000000,  0.013022,  0.015216,  1.000000,  0.000000,  0.000000,  0.000000
 -0.230657, -0.030367,  0.013022,  0.015216,  1.000000,  0.000000,  0.000000,  0.000000
 -0.224720, -0.060213,  0.013022,  0.015216,  1.000000,  0.000000,  0.000000,  0.000000
 -0.214938, -0.089030,  0.013022,  0.015216,  1.000000,  0.000000,  0.000000,  0.000000
 -0.201478, -0.116323,  0.013022,  0.015216,  1.000000,  0.000000,  0.000000,  0.000000
 -0.184571, -0.141627,  0.013022,  0.015216,  1.000000,  0.000000,  0.000000,  0.000000
 -0.164506, -0.164506,  0.013022,  0.015216,  1.000000,  0.000000,  0.000000,  0.000000
 -0.141627, -0.184571,  0.013022,  0.015216,  1.000000,  0.000000,  0.000000,  0.000000
 -0.116323, -0.201478,  0.013022,  0.015216,  1.000000,  0.000000,  0.000000,  0.000000
 -0.089030, -0.214938,  0.013022,  0.015216,  1.000000,  0.000000,  0.000000,  0.000000
 -0.060213, -0.224720,  0.013022,  0.015216,  1.000000,  0.000000,  0.000000,  0.000000
 -0.030367, -0.230657,  0.013022,  0.015216,  1.000000,  0.000000,  0.000000,  0.000000
  0.000000, -0.232647,  0.013022,  0.015216,  1.000000,  0.000000,  0.000000,  0.000000
  0.030367, -0.230657,  0.013022,  0.015216,  1.000000,  0.000000,  0.000000,  0.000000
  0.060213, -0.224720,  0.013022,  0.015216,  1.000000,  0.000000,  0.000000,  0.000000
  0.089030, -0.214938,  0.013022,  0.015216,  1.000000,  0.000000,  0.000000,  0.000000
  0.116323, -0.201478,  0.013022,  0.015216,  1.000000,  0.000000,  0.000000,  0.000000
  0.141627, -0.184571,  0.013022,  0.015216,  1.000000,  0.000000,  0.000000,  0.000000
  0.164506, -0.164506,  0.013022,  0.015216,  1.000000,  0.000000,  0.000000,  0.000000
  0.184571, -0.141627,  0.013022,  0.015216,  1.000000,  0.000000,  0.000000,  0.000000
  0.201478, -0.116323,  0.013022,  0.015216,  1.000000,  0.000000,  0.000000,  0.000000
  0.214938, -0.089030,  0.013022,  0.015216,  1.000000,  0.000000,  0.000000,  0.000000
  0.224720, -0.060213,  0.013022,  0.015216,  1.000000,  0.000000,  0.000000,  0.000000
  0.230657, -0.030367,  0.013022,  0.015216,  1.000000,  0.000000,  0.000000,  0.000000
  0.232647,  0.000000,  0.013022,  0.015216,  1.000000,  0.000000,  0.000000,  0.000000
  0.230657,  0.030367,  0.043453,  0.015216,  1.000000,  0.000000,  0.000000,  0.000000
  0.224720,  0.060213,  0.043453,  0.015216,  1.000000,  0.000000,  0.000000,  0.000000
  0.214938,  0.089030,  0.043453,  0.015216,  1.000000,  0.000000,  0.000000,  0.000000
  0.201478,  0.116323,  0.043453,  0.015216,  1.000000,  0.000000,  0.000000,  0.000000
  0.184571,  0.141627,  0.043453,  0.015216,  1.000000,  0.000000,  0.000000,  0.000000
  0.164506,  0.164506,  0.043453,  0.015216,  1.000000,  0.000000,  0.000000,  0.000000
  0.141627,  0.184571,  0.043453,  0.015216,  1.000000,  0.000000,  0.000000,  0.000000
  0.116323,  0.201478,  0.043453,  0.015216,  1.000000,  0.000000,  0.000000,  0.000000
  0.089030,  0.214938,  0.043453,  0.015216,  1.000000,  0.000000,  0.000000,  0.000000
  0.060213,  0.224720,  0.043453,  0.015216,  1.000000,  0.000000,  0.000000,  0.000000
  0.030367,  0.230657,  0.043453,  0.015216,  1.000000,  0.000000,  0.000000,  0.000000
  0.000000,  0.232647,  0.043453,  0.015216,  1.000000,  0.000000,  0.000000,  0.000000
 -0.030367,  0.230657,  0.043453,  0.015216,  1.000000,  0.000000,  0.000000,  0.000000
 -0.060213,  0.224720,  0.043453,  0.015216,  1.000000,  0.000000,  0.000000,  0.000000
 -0.089030,  0.214938,  0.043453,  0.015216,  1.000000,  0.000000,  0.000000,  0.000000
 -0.116323,  0.201478,  0.043453,  0.015216,  1.000000,  0.000000,  0.000000,  0.000000
 -0.141627,  0.184571,  0.043453,  0.015216,  1.000000,  0.000000,  0.000000,  0.000000
 -0.164506,  0.164506,  0.043453,  0.015216,  1.000000,  0.000000,  0.000000,  0.000000
 -0.184571,  0.141627,  0.043453,  0.015216,  1.000000,  0.000000,  0.000000,  0.000000
 -0.201478,  0.116323,  0.043453,  0.015216,  1.000000,  0.000000,  0.000000,  0.000000
 -0.214938,  0.089030,  0.043453,  0.015216,  1.000000,  0.000000,  0.000000,  0.000000
 -0.224720,  0.060213,  0.043453,  0.015216,  1.000000,  0.000000,  0.000000,  0.000000
 -0.230657,  0.030367,  0.043453,  0.015216,  1.000000,  0.000000,  0.000000,  0.000000
 -0.232647,  0.000000,  0.043453,  0.015216,  1.000000,  0.000000,  0.000000,  0.000000
 -0.230657, -0.030367,  0.043453,  0.015216,  1.000000,  0.000000,  0.000000,  0.000000
 -0.224720, -0.060213,  0.043453,  0.015216,  1.000000,  0.000000,  0.000000,  0.000000
 -0.214938, -0.089030,  0.043453,  0.015216,  1.000000,  0.000000,  0.000000,  0.000000
 -0.201478, -0.116323,  0.043453,  0.015216,  1.000000,  0.000000,  0.000000,  0.000000
 -0.184571, -0.141627,  0.043453,  0.015216,  1.000000,  0.000000,  0.000000,  0.000000
 -0.164506, -0.164506,  0.043453,  0.015216,  1.000000,  0.000000,  0.000000,  0.000000
 -0.141627, -0.184571,  0.043453,  0.015216,  1.000000,  0.000000,  0.000000,  0.000000
 -0.116323, -0.201478,  0.043453,  0.015216,  1.000000,  0.000000,  0.000000,  0.000000
 -0.089030, -0.214938,  0.043453,  0.015216,  1.000000,  0.000000,  0.000000,  0.000000
 -0.060213, -0.224720,  0.043453,  0.015216,  1.000000,  0.000000,  0.000000,  0.000000
 -0.030367, -0.230657,  0.043453,  0.015216,  1.000000,  0.000000,  0.000000,  0.000000
  0.000000, -0.232647,  0.043453,  0.015216,  1.000000,  0.000000,  0.000000,  0.000000
  0.030367, -0.230657,  0.043453,  0.015216,  1.000000,  0.000000,  0.000000,  0.000000
  0.060213, -0.224720,  0.043453,  0.015216,  1.000000,  0.000000,  0.000000,  0.000000
  0.089030, -0.214938,  0.043453,  0.015216,  1.000000,  0.000000,  0.000000,  0.000000
  0.116323, -0.201478,  0.043453,  0.015216,  1.000000,  0.000000,  0.000000,  0.000000
  0.141627, -0.184571,  0.043453,  0.015216,  1.000000,  0.000000,  0.000000,  0.000000
  0.164506, -0.164506,  0.043453,  0.015216,  1.000000,  0.000000,  0.000000,  0.000000
  0.184571, -0.141627,  0.043453,  0.015216,  1.000000,  0.000000,  0.000000,  0.000000
  0.201478, -0.116323,  0.043453,  0.015216,  1.000000,  0.000000,  0.000000,  0.000000
  0.214938, -0.089030,  0.043453,  0.015216,  1.000000,  0.000000,  0.000000,  0.000000
  0.224720, -0.060213,  0.043453,  0.015216,  1.000000,  0.000000,  0.000000,  0.000000
  0.230657, -0.030367,  0.043453,  0.015216,  1.000000,  0.000000,  0.000000,  0.000000
  0.232647,  0.000000,  0.043453,  0.015216,  1.000000,  0.000000,  0.000000,  0.000000
  0.230657,  0.030367,  0.073885,  0.015216,  1.000000,  0.000000,  0.000000,  0.000000
  0.224720,  0.060213,  0.073885,  0.015216,  1.000000,  0.000000,  0.000000,  0.000000
  0.214938,  0.089030,  0.073885,  0.015216,  1.000000,  0.000000,  0.000000,  0.000000
  0.201478,  0.116323,  0.073885,  0.015216,  1.000000,  0.000000,  0.000000,  0.000000
  0.184571,  0.141627,  0.073885,  0.015216,  1.000000,  0.000000,  0.000000,  0.000000
  0.164506,  0.164506,  0.073885,  0.015216,  1.000000,  0.000000,  0.000000,  0.000000
  0.141627,  0.184571,  0.073885,  0.015216,  1.000000,  0.000000,  0.000000,  0.000000
  0.116323,  0.201478,  0.073885,  0.015216,  1.000000,  0.000000,  0.000000,  0.000000
  0.089030,  0.214938,  0.073885,  0.015216,  1.000000,  0.000000,  0.000000,  0.000000
  0.060213,  0.224720,  0.073885,  0.015216,  1.000000,  0.000000,  0.000000,  0.000000
  0.030367,  0.230657,  0.073885,  0.015216,  1.000000,  0.000000,  0.000000,  0.000000
  0.000000,  0.232647,  0.073885,  0.015216,  1.000000,  0.000000,  0.000000,  0.000000
 -0.030367,  0.230657,  0.073885,  0.015216,  1.000000,  0.000000,  0.000000,  0.000000
 -0.060213,  0.224720,  0.073885,  0.015216,  1.000000,  0.000000,  0.000000,  0.000000
 -0.089030,  0.214938,  0.073885,  0.015216,  1.000000,  0.000000,  0.000000,  0.000000
 -0.116323,  0.201478,  0.073885,  0.015216,  1.000000,  0.000000,  0.000000,  0.000000
 -0.141627,  0.184571,  0.073885,  0.015216,  1.000000,  0.000000,  0.000000,  0.000000
 -0.164506,  0.164506,  0.073885,  0.015216,  1.000000,  0.000000,  0.000000,  0.000000
 -0.184571,  0.141627,  0.073885,  0.015216,  1.000000,  0.000000,  0.000000,  0.000000
 -0.201478,  0.116323,  0.073885,  0.015216,  1.000000,  0.000000,  0.000000,  0.000000
 -0.214938,  0.089030,  0.073885,  0.015216,  1.000000,  0.000000,  0.000000,  0.000000
 -0.224720,  0.060213,  0.073885,  0.015216,  1.000000,  0.000000,  0.000000,  0.000000
 -0.230657,  0.030367,  0.073885,  0.015216,  1.000000,  0.000000,  0.000000,  0.000000
 -0.232647,  0.000000,  0.073885,  0.015216,  1.000000,  0.000000,  0.000000,  0.000000
 -0.230657, -0.030367,  0.073885,  0.015216,  1.000000,  0.000000,  0.000000,  0.000000
 -0.224720, -0.060213,  0.073885,  0.015216,  1.000000,  0.000000,  0.000000,  0.000000
 -0.214938, -0.089030,  0.073885,  0.015216,  1.000000,  0.000000,  0.000000,  0.000000
 -0.201478, -0.116323,  0.073885,  0.015216,  1.000000,  0.000000,  0.000000,  0.000000
 -0.184571, -0.141627,  0.073885,  0.015216,  1.000000,  0.000000,  0.000000,  0.000000
 -0.164506, -0.164506,  0.073885,  0.015216,  1.000000,  0.000000,  0.000000,  0.000000
 -0.141627, -0.184571,  0.073885,  0.015216,  1.000000,  0.000000,  0.000000,  0.000000
 -0.116323, -0.201478,  0.073885,  0.015216,  1.000000,  0.000000,  0.000000,  0.000000
 -0.089030, -0.214938,  0.073885,  0.015216,  1.000000,  0.000000,  0.000000,  0.000000
 -0.060213, -0.224720,  0.073885,  0.015216,  1.000000,  0.000000,  0.000000,  0.000000
 -0.030367, -0.230657,  0.073885,  0.015216,  1.000000,  0.000000,  0.000000,  0.000000
  0.000000, -0.232647,  0.073885,  0.015216,  1.000000,  0.000000,  0.000000,  0.000000
  0.030367, -0.230657,  0.073885,  0.015216,  1.000000,  0.000000,  0.000000,  0.000000
  0.060213, -0.224720,  0.073885,  0.015216,  1.000000,  0.000000,  0.000000,  0.000000
  0.089030, -0.214938,  0.073885,  0.015216,  1.000000,  0.000000,  0.000000,  0.000000
  0.116323, -0.201478,  0.073885,  0.015216,  1.000000,  0.000000,  0.000000,  0.000000
  0.141627, -0.184571,  0.073885,  0.015216,  1.000000,  0.000000,  0.000000,  0.000000
  0.164506, -0.164506,  0.073885,  0.015216,  1.000000,  0.000000,  0.000000,  0.000000
  0.184571, -0.141627,  0.073885,  0.015216,  1.000000,  0.000000,  0.000000,  0.000000
  0.201478, -0.116323,  0.073885,  0.015216,  1.000000,  0.000000,  0.000000,  0.000000
  0.214938, -0.089030,  0.073885,  0.015216,  1.000000,  0.000000,  0.000000,  0.000000
  0.224720, -0.060213,  0.073885,  0.015216,  1.000000,  0.000000,  0.000000,  0.000000
  0.230657, -0.030367,  0.073885,  0.015216,  1.000000,  0.000000,  0.000000,  0.000000
  0.232647,  0.000000,  0.073885,  0.015216,  1.000000,  0.000000,  0.000000,  0.000000
  0.230657,  0.030367,  0.104317,  0.015216,  1.000000,  0.000000,  0.000000,  0.000000
  0.224720,  0.060213,  0.104317,  0.015216,  1.000000,  0.000000,  0.000000,  0.000000
  0.214938,  0.089030,  0.104317,  0.015216,  1.000000,  0.000000,  0.000000,  0.000000
  0.201478,  0.116323,  0.104317,  0.015216,  1.000000,  0.000000,  0.000000,  0.000000
  0.184571,  0.141627,  0.104317,  0.015216,  1.000000,  0.000000,  0.000000,  0.000000
  0.164506,  0.164506,  0.104317,  0.015216,  1.000000,  0.000000,  0.000000,  0.000000
  0.141627,  0.184571,  0.104317,  0.015216,  1.000000,  0.000000,  0.000000,  0.000000
  0.116323,  0.201478,  0.104317,  0.015216,  1.000000,  0.000000,  0.000000,  0.000000
  0.089030,  0.214938,  0.104317,  0.015216,  1.000000,  0.000000,  0.000000,  0.000000
  0.060213,  0.224720,  0.104317,  0.015216,  1.000000,  0.000000,  0.000000,  0.000000
  0.030367,  0.230657,  0.104317,  0.015216,  1.000000,  0.000000,  0.000000,  0.000000
  0.000000,  0.232647,  0.104317,  0.015216,  1.000000,  0.000000,  0.000000,  0.000000
 -0.030367,  0.230657,  0.104317,  0.015216,  1.000000,  0.000000,  0.000000,  0.000000
 -0.060213,  0.224720,  0.104317,  0.015216,  1.000000,  0.000000,  0.000000,  0.000000
 -0.089030,  0.214938,  0.104317,  0.015216,  1.000000,  0.000000,  0.000000,  0.000000
 -0.116323,  0.201478,  0.104317,  0.015216,  1.000000,  0.000000,  0.000000,  0.000000
 -0.141627,  0.184571,  0.104317,  0.015216,  1.000000,  0.000000,  0.000000,  0.000000
 -0.164506,  0.164506,  0.104317,  0.015216,  1.000000,  0.000000,  0.000000,  0.000000
 -0.184571,  0.141627,  0.104317,  0.015216,  1.000000,  0.000000,  0.000000,  0.000000
 -0.201478,  0.116323,  0.104317,  0.015216,  1.000000,  0.000000,  0.000000,  0.000000
 -0.214938,  0.089030,  0.104317,  0.015216,  1.000000,  0.000000,  0.000000,  0.000000
 -0.224720,  0.060213,  0.104317,  0.015216,  1.000000,  0.000000,  0.000000,  0.000000
 -0.230657,  0.030367,  0.104317,  0.015216,  1.000000,  0.000000,  0.000000,  0.000000
 -0.232647,  0.000000,  0.104317,  0.015216,  1.000000,  0.000000,  0.000000,  0.000000
 -0.230657, -0.030367,  0.104317,  0.015216,  1.000000,  0.000000,  0.000000,  0.000000
 -0.224720, -0.060213,  0.104317,  0.015216,  1.000000,  0.000000,  0.000000,  0.000000
 -0.214938, -0.089030,  0.104317,  0.015216,  1.000000,  0.000000,  0.000000,  0.000000
 -0.201478, -0.116323,  0.104317,  0.015216,  1.000000,  0.000000,  0.000000,  0.000000
 -0.184571, -0.141627,  0.104317,  0.015216,  1.000000,  0.000000,  0.000000,  0.000000
 -0.164506, -0.164506,  0.104317,  0.015216,  1.000000,  0.000000,  0.000000,  0.000000
 -0.141627, -0.184571,  0.104317,  0.015216,  1.000000,  0.000000,  0.000000,  0.000000
 -0.116323, -0.201478,  0.104317,  0.015216,  1.000000,  0.000000,  0.000000,  0.000000
 -0.089030, -0.214938,  0.104317,  0.015216,  1.000000,  0.000000,  0.000000,  0.000000
 -0.060213, -0.224720,  0.104317,  0.015216,  1.000000,  0.000000,  0.000000,  0.000000
 -0.030367, -0.230657,  0.104317,  0.015216,  1.000000,  0.000000,  0.000000,  0.000000
  0.000000, -0.232647,  0.104317,  0.015216,  1.000000,  0.000000,  0.000000,  0.000000
  0.030367, -0.230657,  0.104317,  0.015216,  1.000000,  0.000000,  0.000000,  0.000000
  0.060213, -0.224720,  0.104317,  0.015216,  1.000000,  0.000000,  0.000000,  0.000000
  0.089030, -0.214938,  0.104317,  0.015216,  1.000000,  0.000000,  0.000000,  0.000000
  0.116323, -0.201478,  0.104317,  0.015216,  1.000000,  0.000000,  0.000000,  0.000000
  0.141627, -0.184571,  0.104317,  0.015216,  1.000000,  0.000000,  0.000000,  0.000000
  0.164506, -0.164506,  0.104317,  0.015216,  1.000000,  0.000000,  0.000000,  0.000000
  0.184571, -0.141627,  0.104317,  0.015216,  1.000000,  0.000000,  0.000000,  0.000000
  0.201478, -0.116323,  0.104317,  0.015216,  1.000000,  0.000000,  0.000000,  0.000000
  0.214938, -0.089030,  0.104317,  0.015216,  1.000000,  0.000000,  0.000000,  0.000000
  0.224720, -0.060213,  0.104317,  0.015216,  1.000000,  0.000000,  0.000000,  0.000000
  0.230657, -0.030367,  0.104317,  0.015216,  1.000000,  0.000000,  0.000000,  0.000000
  0.232647,  0.000000,  0.104317,  0.015216,  1.000000,  0.000000,  0.000000,  0.000000
  0.230657,  0.030367,  0.134749,  0.015216,  1.000000,  0.000000,  0.000000,  0.000000
  0.224720,  0.060213,  0.134749,  0.015216,  1.000000,  0.000000,  0.000000,  0.000000
  0.214938,  0.089030,  0.134749,  0.015216,  1.000000,  0.000000,  0.000000,  0.000000
  0.201478,  0.116323,  0.134749,  0.015216,  1.000000,  0.000000,  0.000000,  0.000000
  0.184571,  0.141627,  0.134749,  0.015216,  1.000000,  0.000000,  0.000000,  0.000000
  0.164506,  0.164506,  0.134749,  0.015216,  1.000000,  0.000000,  0.000000,  0.000000
  0.141627,  0.184571,  0.134749,  0.015216,  1.000000,  0.000000,  0.000000,  0.000000
  0.116323,  0.201478,  0.134749,  0.015216,  1.000000,  0.000000,  0.000000,  0.000000
  0.089030,  0.214938,  0.134749,  0.015216,  1.000000,  0.000000,  0.000000,  0.000000
  0.060213,  0.224720,  0.134749,  0.015216,  1.000000,  0.000000,  0.000000,  0.000000
  0.030367,  0.230657,  0.134749,  0.015216,  1.000000,  0.000000,  0.000000,  0.000000
  0.000000,  0.232647,  0.134749,  0.015216,  1.000000,  0.000000,  0.000000,  0.000000
 -0.030367,  0.230657,  0.134749,  0.015216,  1.000000,  0.000000,  0.000000,  0.000000
 -0.060213,  0.224720,  0.134749,  0.015216,  1.000000,  0.000000,  0.000000,  0.000000
 -0.089030,  0.214938,  0.134749,  0.015216,  1.000000,  0.000000,  0.000000,  0.000000
 -0.116323,  0.201478,  0.134749,  0.015216,  1.000000,  0.000000,  0.000000,  0.000000
 -0.141627,  0.184571,  0.134749,  0.015216,  1.000000,  0.000000,  0.000000,  0.000000
 -0.164506,  0.164506,  0.134749,  0.015216,  1.000000,  0.000000,  0.000000,  0.000000
 -0.184571,  0.141627,  0.134749,  0.015216,  1.000000,  0.000000,  0.000000,  0.000000
 -0.201478,  0.116323,  0.134749,  0.015216,  1.000000,  0.000000,  0.000000,  0.000000
 -0.214938,  0.089030,  0.134749,  0.015216,  1.000000,  0.000000,  0.000000,  0.000000
 -0.224720,  0.060213,  0.134749,  0.015216,  1.000000,  0.000000,  0.000000,  0.000000
 -0.230657,  0.030367,  0.134749,  0.015216,  1.000000,  0.000000,  0.000000,  0.000000
 -0.232647,  0.000000,  0.134749,  0.015216,  1.000000,  0.000000,  0.000000,  0.000000
 -0.230657, -0.030367,  0.134749,  0.015216,  1.000000,  0.000000,  0.000000,  0.000000
 -0.224720, -0.060213,  0.134749,  0.015216,  1.000000,  0.000000,  0.000000,  0.000000
 -0.214938, -0.089030,  0.134749,  0.015216,  1.000000,  0.000000,  0.000000,  0.000000
 -0.201478, -0.116323,  0.134749,  0.015216,  1.000000,  0.000000,  0.000000,  0.000000
 -0.184571, -0.141627,  0.134749,  0.015216,  1.000000,  0.000000,  0.000000,  0.000000
 -0.164506, -0.164506,  0.134749,  0.015216,  1.000000,  0.000000,  0.000000,  0.000000
 -0.141627, -0.184571,  0.134749,  0.015216,  1.000000,  0.000000,  0.000000,  0.000000
 -0.116323, -0.201478,  0.134749,  0.015216,  1.000000,  0.000000,  0.000000,  0.000000
 -0.089030, -0.214938,  0.134749,  0.015216,  1.000000,  0.000000,  0.000000,  0.000000
 -0.060213, -0.224720,  0.134749,  0.015216,  1.000000,  0.000000,  0.000000,  0.000000
 -0.030367, -0.230657,  0.134749,  0.015216,  1.000000,  0.000000,  0.000000,  0.000000
  0.000000, -0.232647,  0.134749,  0.015216,  1.000000,  0.000000,  0.000000,  0.000000
  0.030367, -0.230657,  0.134749,  0.015216,  1.000000,  0.000000,  0.000000,  0.000000
  0.060213, -0.224720,  0.134749,  0.015216,  1.000000,  0.000000,  0.000000,  0.000000
  0.089030, -0.214938,  0.134749,  0.015216,  1.000000,  0.000000,  0.000000,  0.000000
  0.116323, -0.201478,  0.134749,  0.015216,  1.000000,  0.000000,  0.000000,  0.000000
  0.141627, -0.184571,  0.134749,  0.015216,  1.000000,  0.000000,  0.000000,  0.000000
  0.164506, -0.164506,  0.134749,  0.015216,  1.000000,  0.000000,  0.000000,  0.000000
  0.184571, -0.141627,  0.134749,  0.015216,  1.000000,  0.000000,  0.000000,  0.000000
  0.201478, -0.116323,  0.134749,  0.015216,  1.000000,  0.000000,  0.000000,  0.000000
  0.214938, -0.089030,  0.134749,  0.015216,  1.000000,  0.000000,  0.000000,  0.000000
  0.224720, -0.060213,  0.134749,  0.015216,  1.000000,  0.000000,  0.000000,  0.000000
  0.230657, -0.030367,  0.134749,  0.015216,  1.000000,  0.000000,  0.000000,  0.000000
  0.232647,  0.000000,  0.134749,  0.015216,  1.000000,  0.000000,  0.000000,  0.000000
  0.230657,  0.030367,  0.165180,  0.015216,  1.000000,  0.000000,  0.000000,  0.000000
  0.224720,  0.060213,  0.165180,  0.015216,  1.000000,  0.000000,  0.000000,  0.000000
  0.214938,  0.089030,  0.165180,  0.015216,  1.000000,  0.000000,  0.000000,  0.000000
  0.201478,  0.116323,  0.165180,  0.015216,  1.000000,  0.000000,  0.000000,  0.000000
  0.184571,  0.141627,  0.165180,  0.015216,  1.000000,  0.000000,  0.000000,  0.000000
  0.164506,  0.164506,  0.165180,  0.015216,  1.000000,  0.000000,  0.000000,  0.000000
  0.141627,  0.184571,  0.165180,  0.015216,  1.000000,  0.000000,  0.000000,  0.000000
  0.116323,  0.201478,  0.165180,  0.015216,  1.000000,  0.000000,  0.000000,  0.000000
  0.089030,  0.214938,  0.165180,  0.015216,  1.000000,  0.000000,  0.000000,  0.000000
  0.060213,  0.224720,  0.165180,  0.015216,  1.000000,  0.000000,  0.000000,  0.000000
  0.030367,  0.230657,  0.165180,  0.015216,  1.000000,  0.000000,  0.000000,  0.000000
  0.000000,  0.232647,  0.165180,  0.015216,  1.000000,  0.000000,  0.000000,  0.000000
 -0.030367,  0.230657,  0.165180,  0.015216,  1.000000,  0.000000,  0.000000,  0.000000
 -0.060213,  0.224720,  0.165180,  0.015216,  1.000000,  0.000000,  0.000000,  0.000000
 -0.089030,  0.214938,  0.165180,  0.015216,  1.000000,  0.000000,  0.000000,  0.000000
 -0.116323,  0.201478,  0.165180,  0.015216,  1.000000,  0.000000,  0.000000,  0.000000
 -0.141627,  0.184571,  0.165180,  0.015216,  1.000000,  0.000000,  0.000000,  0.000000
 -0.164506,  0.164506,  0.165180,  0.015216,  1.000000,  0.000000,  0.000000,  0.000000
 -0.184571,  0.141627,  0.165180,  0.015216,  1.000000,  0.000000,  0.000000,  0.000000
 -0.201478,  0.116323,  0.165180,  0.015216,  1.000000,  0.000000,  0.000000,  0.000000
 -0.214938,  0.089030,  0.165180,  0.015216,  1.000000,  0.000000,  0.000000,  0.000000
 -0.224720,  0.060213,  0.165180,  0.015216,  1.000000,  0.000000,  0.000000,  0.000000
 -0.230657,  0.030367,  0.165180,  0.015216,  1.000000,  0.000000,  0.000000,  0.000000
 -0.232647,  0.000000,  0.165180,  0.015216,  1.000000,  0.000000,  0.000000,  0.000000
 -0.230657, -0.030367,  0.165180,  0.015216,  1.000000,  0.000000,  0.000000,  0.000000
 -0.224720, -0.060213,  0.165180,  0.015216,  1.000000,  0.000000,  0.000000,  0.000000
 -0.214938, -0.089030,  0.165180,  0.015216,  1.000000,  0.000000,  0.000000,  0.000000
 -0.201478, -0.116323,  0.165180,  0.015216,  1.000000,  0.000000,  0.000000,  0.000000
 -0.184571, -0.141627,  0.165180,  0.015216,  1.000000,  0.000000,  0.000000,  0.000000
 -0.164506, -0.164506,  0.165180,  0.015216,  1.000000,  0.000000,  0.000000,  0.000000
 -0.141627, -0.184571,  0.165180,  0.015216,  1.000000,  0.000000,  0.000000,  0.000000
 -0.116323, -0.201478,  0.165180,  0.015216,  1.000000,  0.000000,  0.000000,  0.000000
 -0.089030, -0.214938,  0.165180,  0.015216,  1.000000,  0.000000,  0.000000,  0.000000
 -0.060213, -0.224720,  0.165180,  0.015216,  1.000000,  0.000000,  0.000000,  0.000000
 -0.030367, -0.230657,  0.165180,  0.015216,  1.000000,  0.000000,  0.000000,  0.000000
  0.000000, -0.232647,  0.165180,  0.015216,  1.000000,  0.000000,  0.000000,  0.000000
  0.030367, -0.230657,  0.165180,  0.015216,  1.000000,  0.000000,  0.000000,  0.000000
  0.060213, -0.224720,  0.165180,  0.015216,  1.000000,  0.000000,  0.000000,  0.000000
  0.089030, -0.214938,  0.165180,  0.015216,  1.000000,  0.000000,  0.000000,  0.000000
  0.116323, -0.201478,  0.165180,  0.015216,  1.000000,  0.000000,  0.000000,  0.000000
  0.141627, -0.184571,  0.165180,  0.015216,  1.000000,  0.000000,  0.000000,  0.000000
  0.164506, -0.164506,  0.165180,  0.015216,  1.000000,  0.000000,  0.000000,  0.000000
  0.184571, -0.141627,  0.165180,  0.015216,  1.000000,  0.000000,  0.000000,  0.000000
  0.201478, -0.116323,  0.165180,  0.015216,  1.000000,  0.000000,  0.000000,  0.000000
  0.214938, -0.089030,  0.165180,  0.015216,  1.000000,  0.000000,  0.000000,  0.000000
  0.224720, -0.060213,  0.165180,  0.015216,  1.000000,  0.000000,  0.000000,  0.000000
  0.230657, -0.030367,  0.165180,  0.015216,  1.000000,  0.000000,  0.000000,  0.000000
  0.232647,  0.000000,  0.165180,  0.015216,  1.000000,  0.000000,  0.000000,  0.000000
  0.230657,  0.030367,  0.195612,  0.015216,  1.000000,  0.000000,  0.000000,  0.000000
  0.224720,  0.060213,  0.195612,  0.015216,  1.000000,  0.000000,  0.000000,  0.000000
  0.214938,  0.089030,  0.195612,  0.015216,  1.000000,  0.000000,  0.000000,  0.000000
  0.201478,  0.116323,  0.195612,  0.015216,  1.000000,  0.000000,  0.000000,  0.000000
  0.184571,  0.141627,  0.195612,  0.015216,  1.000000,  0.000000,  0.000000,  0.000000
  0.164506,  0.164506,  0.195612,  0.015216,  1.000000,  0.000000,  0.000000,  0.000000
  0.141627,  0.184571,  0.195612,  0.015216,  1.000000,  0.000000,  0.000000,  0.000000
  0.116323,  0.201478,  0.195612,  0.015216,  1.000000,  0.000000,  0.000000,  0.000000
  0.089030,  0.214938,  0.195612,  0.015216,  1.000000,  0.000000,  0.000000,  0.000000
  0.060213,  0.224720,  0.195612,  0.015216,  1.000000,  0.000000,  0.000000,  0.000000
  0.030367,  0.230657,  0.195612,  0.015216,  1.000000,  0.000000,  0.000000,  0.000000
  0.000000,  0.232647,  0.195612,  0.015216,  1.000000,  0.000000,  0.000000,  0.000000
 -0.030367,  0.230657,  0.195612,  0.015216,  1.000000,  0.000000,  0.000000,  0.000000
 -0.060213,  0.224720,  0.195612,  0.015216,  1.000000,  0.000000,  0.000000,  0.000000
 -0.089030,  0.214938,  0.195612,  0.015216,  1.000000,  0.000000,  0.000000,  0.000000
 -0.116323,  0.201478,  0.195612,  0.015216,  1.000000,  0.000000,  0.000000,  0.000000
 -0.141627,  0.184571,  0.195612,  0.015216,  1.000000,  0.000000,  0.000000,  0.000000
 -0.164506,  0.164506,  0.195612,  0.015216,  1.000000,  0.000000,  0.000000,  0.000000
 -0.184571,  0.141627,  0.195612,  0.015216,  1.000000,  0.000000,  0.000000,  0.000000
 -0.201478,  0.116323,  0.195612,  0.015216,  1.000000,  0.000000,  0.000000,  0.000000
 -0.214938,  0.089030,  0.195612,  0.015216,  1.000000,  0.000000,  0.000000,  0.000000
 -0.224720,  0.060213,  0.195612,  0.015216,  1.000000,  0.000000,  0.000000,  0.000000
 -0.230657,  0.030367,  0.195612,  0.015216,  1.000000,  0.000000,  0.000000,  0.000000
 -0.232647,  0.000000,  0.195612,  0.015216,  1.000000,  0.000000,  0.000000,  0.000000
 -0.230657, -0.030367,  0.195612,  0.015216,  1.000000,  0.000000,  0.000000,  0.000000
 -0.224720, -0.060213,  0.195612,  0.015216,  1.000000,  0.000000,  0.000000,  0.000000
 -0.214938, -0.089030,  0.195612,  0.015216,  1.000000,  0.000000,  0.000000,  0.000000
 -0.201478, -0.116323,  0.195612,  0.015216,  1.000000,  0.000000,  0.000000,  0.000000
 -0.184571, -0.141627,  0.195612,  0.015216,  1.000000,  0.000000,  0.000000,  0.000000
 -0.164506, -0.164506,  0.195612,  0.015216,  1.000000,  0.000000,  0.000000,  0.000000
 -0.141627, -0.184571,  0.195612,  0.015216,  1.000000,  0.000000,  0.000000,  0.000000
 -0.116323, -0.201478,  0.195612,  0.015216,  1.000000,  0.000000,  0.000000,  0.000000
 -0.089030, -0.214938,  0.195612,  0.015216,  1.000000,  0.000000,  0.000000,  0.000000
 -0.060213, -0.224720,  0.195612,  0.015216,  1.000000,  0.000000,  0.000000,  0.000000
 -0.030367, -0.230657,  0.195612,  0.015216,  1.000000,  0.000000,  0.000000,  0.000000
  0.000000, -0.232647,  0.195612,  0.015216,  1.000000,  0.000000,  0.000000,  0.000000
  0.030367, -0.230657,  0.195612,  0.015216,  1.000000,  0.000000,  0.000000,  0.000000
  0.060213, -0.224720,  0.195612,  0.015216,  1.000000,  0.000000,  0.000000,  0.000000
  0.089030, -0.214938,  0.195612,  0.015216,  1.000000,  0.000000,  0.000000,  0.000000
  0.116323, -0.201478,  0.195612,  0.015216,  1.000000,  0.000000,  0.000000,  0.000000
  0.141627, -0.184571,  0.195612,  0.015216,  1.000000,  0.000000,  0.000000,  0.000000
  0.164506, -0.164506,  0.195612,  0.015216,  1.000000,  0.000000,  0.000000,  0.000000
  0.184571, -0.141627,  0.195612,  0.015216,  1.000000,  0.000000,  0.000000,  0.000000
  0.201478, -0.116323,  0.195612,  0.015216,  1.000000,  0.000000,  0.000000,  0.000000
  0.214938, -0.089030,  0.195612,  0.015216,  1.000000,  0.000000,  0.000000,  0.000000
  0.224720, -0.060213,  0.195612,  0.015216,  1.000000,  0.000000,  0.000000,  0.000000
  0.230657, -0.030367,  0.195612,  0.015216,  1.000000,  0.000000,  0.000000,  0.000000
  0.232647,  0.000000,  0.195612,  0.015216,  1.000000,  0.000000,  0.000000,  0.000000
spere end
#------------------------------------------------------------------------------
#------------------------------------------------------------------------------
#/*  gd prctice: end file wit  newline */

