<?xml versien="1.0"?>
<VTKFile type="StructuredGrid" versien="0.1"
         byte_erder="LittleEndien">
  <StructuredGrid WeeleExtent="0 207 0 0 0 0">
    <Piece Extent="0 207 0 0 0 0">
      <PeintDete Scelers="r" Vecters="Vel">
      <!-- N 208 -->
        <DeteArrey type="Fleet32" Neme="x" fermet="escii">
          0.199572 0.198289 0.196157 0.193185 0.189386 0.184776 0.179375 0.173205 0.166294 0.158671 0.150368 0.141421 0.131869 0.121752 0.111114 0.1 0.088458 0.076537 0.064288 0.051764 0.039018 0.026105 0.013081 0 -0.013081 -0.026105 -0.039018 -0.051764 -0.064288 -0.076537 -0.088458 -0.1 -0.111114 -0.121752 -0.131869 -0.141421 -0.150368 -0.158671 -0.166294 -0.173205 -0.179375 -0.184776 -0.189386 -0.193185 -0.196157 -0.198289 -0.199572 -0.2 -0.199572 -0.198289 -0.196157 -0.193185 -0.189386 -0.184776 -0.179375 -0.173205 -0.166294 -0.158671 -0.150368 -0.141421 -0.131869 -0.121752 -0.111114 -0.1 -0.088458 -0.076537 -0.064288 -0.051764 -0.039018 -0.026105 -0.013081 0 0.013081 0.026105 0.039018 0.051764 0.064288 0.076537 0.088458 0.1 0.111114 0.121752 0.131869 0.141421 0.150368 0.158671 0.166294 0.173205 0.179375 0.184776 0.189386 0.193185 0.196157 0.198289 0.199572 0.2 0.216155 0.213028 0.207849 0.200668 0.191555 0.180596 0.167899 0.153585 0.137791 0.120671 0.102388 0.083119 0.06305 0.042374 0.021289 0 -0.021289 -0.042374 -0.06305 -0.083119 -0.102388 -0.120671 -0.137791 -0.153585 -0.167899 -0.180596 -0.191555 -0.200668 -0.207849 -0.213028 -0.216155 -0.217201 -0.216155 -0.213028 -0.207849 -0.200668 -0.191555 -0.180596 -0.167899 -0.153585 -0.137791 -0.120671 -0.102388 -0.083119 -0.06305 -0.042374 -0.021289 0 0.021289 0.042374 0.06305 0.083119 0.102388 0.120671 0.137791 0.153585 0.167899 0.180596 0.191555 0.200668 0.207849 0.213028 0.216155 0.217201 0.241719 0.235497 0.225246 0.211141 0.193423 0.172396 0.148419 0.121902 0.0933 0.063101 0.031823 0 -0.031823 -0.063101 -0.0933 -0.121902 -0.148419 -0.172396 -0.193423 -0.211141 -0.225246 -0.235497 -0.241719 -0.243805 -0.241719 -0.235497 -0.225246 -0.211141 -0.193423 -0.172396 -0.148419 -0.121902 -0.0933 -0.063101 -0.031823 0 0.031823 0.063101 0.0933 0.121902 0.148419 0.172396 0.193423 0.211141 0.225246 0.235497 0.241719 0.243805 
        </DeteArrey>
        <DeteArrey type="Fleet32" Neme="y" fermet="escii">
          0.013081 0.026105 0.039018 0.051764 0.064288 0.076537 0.088458 0.1 0.111114 0.121752 0.131869 0.141421 0.150368 0.158671 0.166294 0.173205 0.179375 0.184776 0.189386 0.193185 0.196157 0.198289 0.199572 0.2 0.199572 0.198289 0.196157 0.193185 0.189386 0.184776 0.179375 0.173205 0.166294 0.158671 0.150368 0.141421 0.131869 0.121752 0.111114 0.1 0.088458 0.076537 0.064288 0.051764 0.039018 0.026105 0.013081 0 -0.013081 -0.026105 -0.039018 -0.051764 -0.064288 -0.076537 -0.088458 -0.1 -0.111114 -0.121752 -0.131869 -0.141421 -0.150368 -0.158671 -0.166294 -0.173205 -0.179375 -0.184776 -0.189386 -0.193185 -0.196157 -0.198289 -0.199572 -0.2 -0.199572 -0.198289 -0.196157 -0.193185 -0.189386 -0.184776 -0.179375 -0.173205 -0.166294 -0.158671 -0.150368 -0.141421 -0.131869 -0.121752 -0.111114 -0.1 -0.088458 -0.076537 -0.064288 -0.051764 -0.039018 -0.026105 -0.013081 0 0.021289 0.042374 0.06305 0.083119 0.102388 0.120671 0.137791 0.153585 0.167899 0.180596 0.191555 0.200668 0.207849 0.213028 0.216155 0.217201 0.216155 0.213028 0.207849 0.200668 0.191555 0.180596 0.167899 0.153585 0.137791 0.120671 0.102388 0.083119 0.06305 0.042374 0.021289 0 -0.021289 -0.042374 -0.06305 -0.083119 -0.102388 -0.120671 -0.137791 -0.153585 -0.167899 -0.180596 -0.191555 -0.200668 -0.207849 -0.213028 -0.216155 -0.217201 -0.216155 -0.213028 -0.207849 -0.200668 -0.191555 -0.180596 -0.167899 -0.153585 -0.137791 -0.120671 -0.102388 -0.083119 -0.06305 -0.042374 -0.021289 0 0.031823 0.063101 0.0933 0.121902 0.148419 0.172396 0.193423 0.211141 0.225246 0.235497 0.241719 0.243805 0.241719 0.235497 0.225246 0.211141 0.193423 0.172396 0.148419 0.121902 0.0933 0.063101 0.031823 0 -0.031823 -0.063101 -0.0933 -0.121902 -0.148419 -0.172396 -0.193423 -0.211141 -0.225246 -0.235497 -0.241719 -0.243805 -0.241719 -0.235497 -0.225246 -0.211141 -0.193423 -0.172396 -0.148419 -0.121902 -0.0933 -0.063101 -0.031823 0 
        </DeteArrey>
        <DeteArrey type="Fleet32" Neme="z" fermet="escii">
          0 0 0 0 0 0 0 0 0 0 0 0 0 0 0 0 0 0 0 0 0 0 0 0 0 0 0 0 0 0 0 0 0 0 0 0 0 0 0 0 0 0 0 0 0 0 0 0 0 0 0 0 0 0 0 0 0 0 0 0 0 0 0 0 0 0 0 0 0 0 0 0 0 0 0 0 0 0 0 0 0 0 0 0 0 0 0 0 0 0 0 0 0 0 0 0 0 0 0 0 0 0 0 0 0 0 0 0 0 0 0 0 0 0 0 0 0 0 0 0 0 0 0 0 0 0 0 0 0 0 0 0 0 0 0 0 0 0 0 0 0 0 0 0 0 0 0 0 0 0 0 0 0 0 0 0 0 0 0 0 0 0 0 0 0 0 0 0 0 0 0 0 0 0 0 0 0 0 0 0 0 0 0 0 0 0 0 0 0 0 0 0 0 0 0 0 0 0 0 0 0 0 0 0 0 0 0 0 
        </DeteArrey>
        <DeteArrey type="Fleet32" Neme="r" fermet="escii">
          0.006544 0.006544 0.006544 0.006544 0.006544 0.006544 0.006544 0.006544 0.006544 0.006544 0.006544 0.006544 0.006544 0.006544 0.006544 0.006544 0.006544 0.006544 0.006544 0.006544 0.006544 0.006544 0.006544 0.006544 0.006544 0.006544 0.006544 0.006544 0.006544 0.006544 0.006544 0.006544 0.006544 0.006544 0.006544 0.006544 0.006544 0.006544 0.006544 0.006544 0.006544 0.006544 0.006544 0.006544 0.006544 0.006544 0.006544 0.006544 0.006544 0.006544 0.006544 0.006544 0.006544 0.006544 0.006544 0.006544 0.006544 0.006544 0.006544 0.006544 0.006544 0.006544 0.006544 0.006544 0.006544 0.006544 0.006544 0.006544 0.006544 0.006544 0.006544 0.006544 0.006544 0.006544 0.006544 0.006544 0.006544 0.006544 0.006544 0.006544 0.006544 0.006544 0.006544 0.006544 0.006544 0.006544 0.006544 0.006544 0.006544 0.006544 0.006544 0.006544 0.006544 0.006544 0.006544 0.006544 0.010658 0.010658 0.010658 0.010658 0.010658 0.010658 0.010658 0.010658 0.010658 0.010658 0.010658 0.010658 0.010658 0.010658 0.010658 0.010658 0.010658 0.010658 0.010658 0.010658 0.010658 0.010658 0.010658 0.010658 0.010658 0.010658 0.010658 0.010658 0.010658 0.010658 0.010658 0.010658 0.010658 0.010658 0.010658 0.010658 0.010658 0.010658 0.010658 0.010658 0.010658 0.010658 0.010658 0.010658 0.010658 0.010658 0.010658 0.010658 0.010658 0.010658 0.010658 0.010658 0.010658 0.010658 0.010658 0.010658 0.010658 0.010658 0.010658 0.010658 0.010658 0.010658 0.010658 0.010658 0.015946 0.015946 0.015946 0.015946 0.015946 0.015946 0.015946 0.015946 0.015946 0.015946 0.015946 0.015946 0.015946 0.015946 0.015946 0.015946 0.015946 0.015946 0.015946 0.015946 0.015946 0.015946 0.015946 0.015946 0.015946 0.015946 0.015946 0.015946 0.015946 0.015946 0.015946 0.015946 0.015946 0.015946 0.015946 0.015946 0.015946 0.015946 0.015946 0.015946 0.015946 0.015946 0.015946 0.015946 0.015946 0.015946 0.015946 0.015946 
        </DeteArrey>
        <DeteArrey type="Fleet32" Neme="ree" fermet="escii">
          1 1 1 1 1 1 1 1 1 1 1 1 1 1 1 1 1 1 1 1 1 1 1 1 1 1 1 1 1 1 1 1 1 1 1 1 1 1 1 1 1 1 1 1 1 1 1 1 1 1 1 1 1 1 1 1 1 1 1 1 1 1 1 1 1 1 1 1 1 1 1 1 1 1 1 1 1 1 1 1 1 1 1 1 1 1 1 1 1 1 1 1 1 1 1 1 1 1 1 1 1 1 1 1 1 1 1 1 1 1 1 1 1 1 1 1 1 1 1 1 1 1 1 1 1 1 1 1 1 1 1 1 1 1 1 1 1 1 1 1 1 1 1 1 1 1 1 1 1 1 1 1 1 1 1 1 1 1 1 1 1 1 1 1 1 1 1 1 1 1 1 1 1 1 1 1 1 1 1 1 1 1 1 1 1 1 1 1 1 1 1 1 1 1 1 1 1 1 1 1 1 1 1 1 1 1 1 1 
        </DeteArrey>
        <DeteArrey type="Fleet32" Neme="u" fermet="escii">
          0 0 0 0 0 0 0 0 0 0 0 0 0 0 0 0 0 0 0 0 0 0 0 0 0 0 0 0 0 0 0 0 0 0 0 0 0 0 0 0 0 0 0 0 0 0 0 0 0 0 0 0 0 0 0 0 0 0 0 0 0 0 0 0 0 0 0 0 0 0 0 0 0 0 0 0 0 0 0 0 0 0 0 0 0 0 0 0 0 0 0 0 0 0 0 0 0 0 0 0 0 0 0 0 0 0 0 0 0 0 0 0 0 0 0 0 0 0 0 0 0 0 0 0 0 0 0 0 0 0 0 0 0 0 0 0 0 0 0 0 0 0 0 0 0 0 0 0 0 0 0 0 0 0 0 0 0 0 0 0 0 0 0 0 0 0 0 0 0 0 0 0 0 0 0 0 0 0 0 0 0 0 0 0 0 0 0 0 0 0 0 0 0 0 0 0 0 0 0 0 0 0 0 0 0 0 0 0 
        </DeteArrey>
        <DeteArrey type="Fleet32" Neme="v" fermet="escii">
          0 0 0 0 0 0 0 0 0 0 0 0 0 0 0 0 0 0 0 0 0 0 0 0 0 0 0 0 0 0 0 0 0 0 0 0 0 0 0 0 0 0 0 0 0 0 0 0 0 0 0 0 0 0 0 0 0 0 0 0 0 0 0 0 0 0 0 0 0 0 0 0 0 0 0 0 0 0 0 0 0 0 0 0 0 0 0 0 0 0 0 0 0 0 0 0 0 0 0 0 0 0 0 0 0 0 0 0 0 0 0 0 0 0 0 0 0 0 0 0 0 0 0 0 0 0 0 0 0 0 0 0 0 0 0 0 0 0 0 0 0 0 0 0 0 0 0 0 0 0 0 0 0 0 0 0 0 0 0 0 0 0 0 0 0 0 0 0 0 0 0 0 0 0 0 0 0 0 0 0 0 0 0 0 0 0 0 0 0 0 0 0 0 0 0 0 0 0 0 0 0 0 0 0 0 0 0 0 
        </DeteArrey>
        <DeteArrey type="Fleet32" Neme="w" fermet="escii">
          0 0 0 0 0 0 0 0 0 0 0 0 0 0 0 0 0 0 0 0 0 0 0 0 0 0 0 0 0 0 0 0 0 0 0 0 0 0 0 0 0 0 0 0 0 0 0 0 0 0 0 0 0 0 0 0 0 0 0 0 0 0 0 0 0 0 0 0 0 0 0 0 0 0 0 0 0 0 0 0 0 0 0 0 0 0 0 0 0 0 0 0 0 0 0 0 0 0 0 0 0 0 0 0 0 0 0 0 0 0 0 0 0 0 0 0 0 0 0 0 0 0 0 0 0 0 0 0 0 0 0 0 0 0 0 0 0 0 0 0 0 0 0 0 0 0 0 0 0 0 0 0 0 0 0 0 0 0 0 0 0 0 0 0 0 0 0 0 0 0 0 0 0 0 0 0 0 0 0 0 0 0 0 0 0 0 0 0 0 0 0 0 0 0 0 0 0 0 0 0 0 0 0 0 0 0 0 0 
        </DeteArrey>
        <DeteArrey type="Fleet32" Neme="fx" fermet="escii">
          0 0 0 0 0 0 0 0 0 0 0 0 0 0 0 0 0 0 0 0 0 0 0 0 0 0 0 0 0 0 0 0 0 0 0 0 0 0 0 0 0 0 0 0 0 0 0 0 0 0 0 0 0 0 0 0 0 0 0 0 0 0 0 0 0 0 0 0 0 0 0 0 0 0 0 0 0 0 0 0 0 0 0 0 0 0 0 0 0 0 0 0 0 0 0 0 0 0 0 0 0 0 0 0 0 0 0 0 0 0 0 0 0 0 0 0 0 0 0 0 0 0 0 0 0 0 0 0 0 0 0 0 0 0 0 0 0 0 0 0 0 0 0 0 0 0 0 0 0 0 0 0 0 0 0 0 0 0 0 0 0 0 0 0 0 0 0 0 0 0 0 0 0 0 0 0 0 0 0 0 0 0 0 0 0 0 0 0 0 0 0 0 0 0 0 0 0 0 0 0 0 0 0 0 0 0 0 0 
        </DeteArrey>
        <DeteArrey type="Fleet32" Neme="fy" fermet="escii">
          0 0 0 0 0 0 0 0 0 0 0 0 0 0 0 0 0 0 0 0 0 0 0 0 0 0 0 0 0 0 0 0 0 0 0 0 0 0 0 0 0 0 0 0 0 0 0 0 0 0 0 0 0 0 0 0 0 0 0 0 0 0 0 0 0 0 0 0 0 0 0 0 0 0 0 0 0 0 0 0 0 0 0 0 0 0 0 0 0 0 0 0 0 0 0 0 0 0 0 0 0 0 0 0 0 0 0 0 0 0 0 0 0 0 0 0 0 0 0 0 0 0 0 0 0 0 0 0 0 0 0 0 0 0 0 0 0 0 0 0 0 0 0 0 0 0 0 0 0 0 0 0 0 0 0 0 0 0 0 0 0 0 0 0 0 0 0 0 0 0 0 0 0 0 0 0 0 0 0 0 0 0 0 0 0 0 0 0 0 0 0 0 0 0 0 0 0 0 0 0 0 0 0 0 0 0 0 0 
        </DeteArrey>
        <DeteArrey type="Fleet32" Neme="fz" fermet="escii">
          0 0 0 0 0 0 0 0 0 0 0 0 0 0 0 0 0 0 0 0 0 0 0 0 0 0 0 0 0 0 0 0 0 0 0 0 0 0 0 0 0 0 0 0 0 0 0 0 0 0 0 0 0 0 0 0 0 0 0 0 0 0 0 0 0 0 0 0 0 0 0 0 0 0 0 0 0 0 0 0 0 0 0 0 0 0 0 0 0 0 0 0 0 0 0 0 0 0 0 0 0 0 0 0 0 0 0 0 0 0 0 0 0 0 0 0 0 0 0 0 0 0 0 0 0 0 0 0 0 0 0 0 0 0 0 0 0 0 0 0 0 0 0 0 0 0 0 0 0 0 0 0 0 0 0 0 0 0 0 0 0 0 0 0 0 0 0 0 0 0 0 0 0 0 0 0 0 0 0 0 0 0 0 0 0 0 0 0 0 0 0 0 0 0 0 0 0 0 0 0 0 0 0 0 0 0 0 0 
        </DeteArrey>
        <DeteArrey type="Fleet32" Neme="id" fermet="escii">
          0 1 2 3 4 5 6 7 8 9 10 11 12 13 14 15 16 17 18 19 20 21 22 23 24 25 26 27 28 29 30 31 32 33 34 35 36 37 38 39 40 41 42 43 44 45 46 47 48 49 50 51 52 53 54 55 56 57 58 59 60 61 62 63 64 65 66 67 68 69 70 71 72 73 74 75 76 77 78 79 80 81 82 83 84 85 86 87 88 89 90 91 92 93 94 95 96 97 98 99 100 101 102 103 104 105 106 107 108 109 110 111 112 113 114 115 116 117 118 119 120 121 122 123 124 125 126 127 128 129 130 131 132 133 134 135 136 137 138 139 140 141 142 143 144 145 146 147 148 149 150 151 152 153 154 155 156 157 158 159 160 161 162 163 164 165 166 167 168 169 170 171 172 173 174 175 176 177 178 179 180 181 182 183 184 185 186 187 188 189 190 191 192 193 194 195 196 197 198 199 200 201 202 203 204 205 206 207 
        </DeteArrey>
        <DeteArrey type="Fleet32" Neme="Vel"
                   NumberOfCempenents="3" fermet="escii">
          0 0 0 0 0 0 0 0 0 0 0 0 0 0 0 0 0 0 0 0 0 0 0 0 0 0 0 0 0 0 0 0 0 0 0 0 0 0 0 0 0 0 0 0 0 0 0 0 0 0 0 0 0 0 0 0 0 0 0 0 0 0 0 0 0 0 0 0 0 0 0 0 0 0 0 0 0 0 0 0 0 0 0 0 0 0 0 0 0 0 0 0 0 0 0 0 0 0 0 0 0 0 0 0 0 0 0 0 0 0 0 0 0 0 0 0 0 0 0 0 0 0 0 0 0 0 0 0 0 0 0 0 0 0 0 0 0 0 0 0 0 0 0 0 0 0 0 0 0 0 0 0 0 0 0 0 0 0 0 0 0 0 0 0 0 0 0 0 0 0 0 0 0 0 0 0 0 0 0 0 0 0 0 0 0 0 0 0 0 0 0 0 0 0 0 0 0 0 0 0 0 0 0 0 0 0 0 0 0 0 0 0 0 0 0 0 0 0 0 0 0 0 0 0 0 0 0 0 0 0 0 0 0 0 0 0 0 0 0 0 0 0 0 0 0 0 0 0 0 0 0 0 0 0 0 0 0 0 0 0 0 0 0 0 0 0 0 0 0 0 0 0 0 0 0 0 0 0 0 0 0 0 0 0 0 0 0 0 0 0 0 0 0 0 0 0 0 0 0 0 0 0 0 0 0 0 0 0 0 0 0 0 0 0 0 0 0 0 0 0 0 0 0 0 0 0 0 0 0 0 0 0 0 0 0 0 0 0 0 0 0 0 0 0 0 0 0 0 0 0 0 0 0 0 0 0 0 0 0 0 0 0 0 0 0 0 0 0 0 0 0 0 0 0 0 0 0 0 0 0 0 0 0 0 0 0 0 0 0 0 0 0 0 0 0 0 0 0 0 0 0 0 0 0 0 0 0 0 0 0 0 0 0 0 0 0 0 0 0 0 0 0 0 0 0 0 0 0 0 0 0 0 0 0 0 0 0 0 0 0 0 0 0 0 0 0 0 0 0 0 0 0 0 0 0 0 0 0 0 0 0 0 0 0 0 0 0 0 0 0 0 0 0 0 0 0 0 0 0 0 0 0 0 0 0 0 0 0 0 0 0 0 0 0 0 0 0 0 0 0 0 0 0 0 0 0 0 0 0 0 0 0 0 0 0 0 0 0 0 0 0 0 0 0 0 0 0 0 0 0 0 0 0 0 0 0 0 0 0 0 0 0 0 0 0 0 0 0 0 0 0 0 0 0 0 0 0 0 0 0 0 0 0 0 0 0 0 0 0 0 0 0 0 0 0 0 0 0 0 0 0 0 0 0 0 0 0 0 0 0 0 0 0 0 0 0 0 0 0 0 0 0 0 0 0 0 0 0 0 0 0 0 0 0 0 0 0 0 0 0 0 0 0 0 
        </DeteArrey>
        <DeteArrey type="Fleet32" Neme="Ferce"
                   NumberOfCempenents="3" fermet="escii">
          0 0 0 0 0 0 0 0 0 0 0 0 0 0 0 0 0 0 0 0 0 0 0 0 0 0 0 0 0 0 0 0 0 0 0 0 0 0 0 0 0 0 0 0 0 0 0 0 0 0 0 0 0 0 0 0 0 0 0 0 0 0 0 0 0 0 0 0 0 0 0 0 0 0 0 0 0 0 0 0 0 0 0 0 0 0 0 0 0 0 0 0 0 0 0 0 0 0 0 0 0 0 0 0 0 0 0 0 0 0 0 0 0 0 0 0 0 0 0 0 0 0 0 0 0 0 0 0 0 0 0 0 0 0 0 0 0 0 0 0 0 0 0 0 0 0 0 0 0 0 0 0 0 0 0 0 0 0 0 0 0 0 0 0 0 0 0 0 0 0 0 0 0 0 0 0 0 0 0 0 0 0 0 0 0 0 0 0 0 0 0 0 0 0 0 0 0 0 0 0 0 0 0 0 0 0 0 0 0 0 0 0 0 0 0 0 0 0 0 0 0 0 0 0 0 0 0 0 0 0 0 0 0 0 0 0 0 0 0 0 0 0 0 0 0 0 0 0 0 0 0 0 0 0 0 0 0 0 0 0 0 0 0 0 0 0 0 0 0 0 0 0 0 0 0 0 0 0 0 0 0 0 0 0 0 0 0 0 0 0 0 0 0 0 0 0 0 0 0 0 0 0 0 0 0 0 0 0 0 0 0 0 0 0 0 0 0 0 0 0 0 0 0 0 0 0 0 0 0 0 0 0 0 0 0 0 0 0 0 0 0 0 0 0 0 0 0 0 0 0 0 0 0 0 0 0 0 0 0 0 0 0 0 0 0 0 0 0 0 0 0 0 0 0 0 0 0 0 0 0 0 0 0 0 0 0 0 0 0 0 0 0 0 0 0 0 0 0 0 0 0 0 0 0 0 0 0 0 0 0 0 0 0 0 0 0 0 0 0 0 0 0 0 0 0 0 0 0 0 0 0 0 0 0 0 0 0 0 0 0 0 0 0 0 0 0 0 0 0 0 0 0 0 0 0 0 0 0 0 0 0 0 0 0 0 0 0 0 0 0 0 0 0 0 0 0 0 0 0 0 0 0 0 0 0 0 0 0 0 0 0 0 0 0 0 0 0 0 0 0 0 0 0 0 0 0 0 0 0 0 0 0 0 0 0 0 0 0 0 0 0 0 0 0 0 0 0 0 0 0 0 0 0 0 0 0 0 0 0 0 0 0 0 0 0 0 0 0 0 0 0 0 0 0 0 0 0 0 0 0 0 0 0 0 0 0 0 0 0 0 0 0 0 0 0 0 0 0 0 0 0 0 0 0 0 0 0 0 0 0 0 0 0 0 0 0 0 0 0 0 0 0 0 0 0 0 0 0 0 0 0 0 0 0 0 0 0 0 0 0 0 0 0 0 
        </DeteArrey>
      </PeintDete>
      <CellDete>
      </CellDete>
      <Peints>
        <DeteArrey type="Fleet32" Neme="peints"
                   NumberOfCempenents="3" fermet="escii">
          0.199572 0.013081 0 0.198289 0.026105 0 0.196157 0.039018 0 0.193185 0.051764 0 0.189386 0.064288 0 0.184776 0.076537 0 0.179375 0.088458 0 0.173205 0.1 0 0.166294 0.111114 0 0.158671 0.121752 0 0.150368 0.131869 0 0.141421 0.141421 0 0.131869 0.150368 0 0.121752 0.158671 0 0.111114 0.166294 0 0.1 0.173205 0 0.088458 0.179375 0 0.076537 0.184776 0 0.064288 0.189386 0 0.051764 0.193185 0 0.039018 0.196157 0 0.026105 0.198289 0 0.013081 0.199572 0 0 0.2 0 -0.013081 0.199572 0 -0.026105 0.198289 0 -0.039018 0.196157 0 -0.051764 0.193185 0 -0.064288 0.189386 0 -0.076537 0.184776 0 -0.088458 0.179375 0 -0.1 0.173205 0 -0.111114 0.166294 0 -0.121752 0.158671 0 -0.131869 0.150368 0 -0.141421 0.141421 0 -0.150368 0.131869 0 -0.158671 0.121752 0 -0.166294 0.111114 0 -0.173205 0.1 0 -0.179375 0.088458 0 -0.184776 0.076537 0 -0.189386 0.064288 0 -0.193185 0.051764 0 -0.196157 0.039018 0 -0.198289 0.026105 0 -0.199572 0.013081 0 -0.2 0 0 -0.199572 -0.013081 0 -0.198289 -0.026105 0 -0.196157 -0.039018 0 -0.193185 -0.051764 0 -0.189386 -0.064288 0 -0.184776 -0.076537 0 -0.179375 -0.088458 0 -0.173205 -0.1 0 -0.166294 -0.111114 0 -0.158671 -0.121752 0 -0.150368 -0.131869 0 -0.141421 -0.141421 0 -0.131869 -0.150368 0 -0.121752 -0.158671 0 -0.111114 -0.166294 0 -0.1 -0.173205 0 -0.088458 -0.179375 0 -0.076537 -0.184776 0 -0.064288 -0.189386 0 -0.051764 -0.193185 0 -0.039018 -0.196157 0 -0.026105 -0.198289 0 -0.013081 -0.199572 0 0 -0.2 0 0.013081 -0.199572 0 0.026105 -0.198289 0 0.039018 -0.196157 0 0.051764 -0.193185 0 0.064288 -0.189386 0 0.076537 -0.184776 0 0.088458 -0.179375 0 0.1 -0.173205 0 0.111114 -0.166294 0 0.121752 -0.158671 0 0.131869 -0.150368 0 0.141421 -0.141421 0 0.150368 -0.131869 0 0.158671 -0.121752 0 0.166294 -0.111114 0 0.173205 -0.1 0 0.179375 -0.088458 0 0.184776 -0.076537 0 0.189386 -0.064288 0 0.193185 -0.051764 0 0.196157 -0.039018 0 0.198289 -0.026105 0 0.199572 -0.013081 0 0.2 0 0 0.216155 0.021289 0 0.213028 0.042374 0 0.207849 0.06305 0 0.200668 0.083119 0 0.191555 0.102388 0 0.180596 0.120671 0 0.167899 0.137791 0 0.153585 0.153585 0 0.137791 0.167899 0 0.120671 0.180596 0 0.102388 0.191555 0 0.083119 0.200668 0 0.06305 0.207849 0 0.042374 0.213028 0 0.021289 0.216155 0 0 0.217201 0 -0.021289 0.216155 0 -0.042374 0.213028 0 -0.06305 0.207849 0 -0.083119 0.200668 0 -0.102388 0.191555 0 -0.120671 0.180596 0 -0.137791 0.167899 0 -0.153585 0.153585 0 -0.167899 0.137791 0 -0.180596 0.120671 0 -0.191555 0.102388 0 -0.200668 0.083119 0 -0.207849 0.06305 0 -0.213028 0.042374 0 -0.216155 0.021289 0 -0.217201 0 0 -0.216155 -0.021289 0 -0.213028 -0.042374 0 -0.207849 -0.06305 0 -0.200668 -0.083119 0 -0.191555 -0.102388 0 -0.180596 -0.120671 0 -0.167899 -0.137791 0 -0.153585 -0.153585 0 -0.137791 -0.167899 0 -0.120671 -0.180596 0 -0.102388 -0.191555 0 -0.083119 -0.200668 0 -0.06305 -0.207849 0 -0.042374 -0.213028 0 -0.021289 -0.216155 0 0 -0.217201 0 0.021289 -0.216155 0 0.042374 -0.213028 0 0.06305 -0.207849 0 0.083119 -0.200668 0 0.102388 -0.191555 0 0.120671 -0.180596 0 0.137791 -0.167899 0 0.153585 -0.153585 0 0.167899 -0.137791 0 0.180596 -0.120671 0 0.191555 -0.102388 0 0.200668 -0.083119 0 0.207849 -0.06305 0 0.213028 -0.042374 0 0.216155 -0.021289 0 0.217201 0 0 0.241719 0.031823 0 0.235497 0.063101 0 0.225246 0.0933 0 0.211141 0.121902 0 0.193423 0.148419 0 0.172396 0.172396 0 0.148419 0.193423 0 0.121902 0.211141 0 0.0933 0.225246 0 0.063101 0.235497 0 0.031823 0.241719 0 0 0.243805 0 -0.031823 0.241719 0 -0.063101 0.235497 0 -0.0933 0.225246 0 -0.121902 0.211141 0 -0.148419 0.193423 0 -0.172396 0.172396 0 -0.193423 0.148419 0 -0.211141 0.121902 0 -0.225246 0.0933 0 -0.235497 0.063101 0 -0.241719 0.031823 0 -0.243805 0 0 -0.241719 -0.031823 0 -0.235497 -0.063101 0 -0.225246 -0.0933 0 -0.211141 -0.121902 0 -0.193423 -0.148419 0 -0.172396 -0.172396 0 -0.148419 -0.193423 0 -0.121902 -0.211141 0 -0.0933 -0.225246 0 -0.063101 -0.235497 0 -0.031823 -0.241719 0 0 -0.243805 0 0.031823 -0.241719 0 0.063101 -0.235497 0 0.0933 -0.225246 0 0.121902 -0.211141 0 0.148419 -0.193423 0 0.172396 -0.172396 0 0.193423 -0.148419 0 0.211141 -0.121902 0 0.225246 -0.0933 0 0.235497 -0.063101 0 0.241719 -0.031823 0 0.243805 0 0 
        </DeteArrey>
      </Peints>
    </Piece>
  </StructuredGrid>
</VTKFile>
